   5.0000000000000003E-002   1.0500000000000000     
  0.10000000000000001        1.0973750000000000     
  0.15000000000000002        1.1418881249999999     
  0.20000000000000001        1.1833239640625000     
  0.25000000000000000        1.2214907244218749     
  0.29999999999999999        1.2562220903666015     
  0.34999999999999998        1.2873787590111025     
  0.39999999999999997        1.3148496307284083     
  0.44999999999999996        1.3385526381138402     
  0.49999999999999994        1.3584352037562788     
  0.54999999999999993        1.3744743236623718     
  0.59999999999999998        1.3866762797616565     
  0.65000000000000002        1.3950759913688069     
  0.70000000000000007        1.3997360216493206     
  0.75000000000000011        1.4007452608915945     
  0.80000000000000016        1.3982173136081597     
  0.85000000000000020        1.3922886210638332     
  0.90000000000000024        1.3831163546686203     
  0.95000000000000029        1.3708761187085323     
   1.0000000000000002        1.3557595030698770     
   1.0500000000000003        1.3379715279163831     
   1.1000000000000003        1.3177280227007730     
   1.1500000000000004        1.2952529814522304     
   1.2000000000000004        1.2707759350187271     
   1.2500000000000004        1.2445293789176035     
   1.3000000000000005        1.2167462927352533     
   1.3500000000000005        1.1876577837074618     
   1.4000000000000006        1.1574908833072082     
   1.4500000000000006        1.1264665214757035     
   1.5000000000000007        1.0947976986687149     
   1.5500000000000007        1.0626878712685612     
   1.6000000000000008        1.0303295612452477     
   1.6500000000000008       0.99790319634562785     
   1.7000000000000008       0.96557618264711353     
   1.7500000000000009       0.93350220712210885     
   1.8000000000000009       0.90182076399892430     
   1.8500000000000010       0.87065689523902112     
   1.9000000000000010       0.84012113242941167     
   1.9500000000000011       0.81030962484861746     
   2.0000000000000009       0.78130443642587721     
   2.0500000000000007       0.75317399278328945     
   2.1000000000000005       0.72597365852300222     
   2.1500000000000004       0.69974642437808698     
   2.2000000000000002       0.67452368375744265     
   2.2500000000000000       0.65032607854412394     
   2.2999999999999998       0.62716439470790997     
   2.3499999999999996       0.60504048931650034     
   2.3999999999999995       0.58394823182181155     
   2.4499999999999993       0.56387444400319420     
   2.4999999999999991       0.54479982461280296     
   2.5499999999999989       0.52669984653620261     
   2.5999999999999988       0.50954561610283677     
   2.6499999999999986       0.49330468600946803     
   2.6999999999999984       0.47794181511321354     
   2.7499999999999982       0.46341967007292978     
   2.7999999999999980       0.44969946543790196     
   2.8499999999999979       0.43674154027659573     
   2.8999999999999977       0.42450587078718088     
   2.9499999999999975       0.41295251952303969     
   2.9999999999999973       0.40204202289339136     
   3.0499999999999972       0.39173571945938274     
   3.0999999999999970       0.38199602224182694     
   3.1499999999999968       0.37278663879434382     
   3.1999999999999966       0.36407274318423472     
   3.2499999999999964       0.35582110427475722     
   3.2999999999999963       0.34800017483010925     
   3.3499999999999961       0.34058014598314129     
   3.3999999999999959       0.33353297153096517     
   3.4499999999999957       0.32683236637070118     
   3.4999999999999956       0.32045378317175527     
   3.5499999999999954       0.31437437111669819     
   3.5999999999999952       0.30857292024348432     
   3.6499999999999950       0.30302979459965723     
   3.6999999999999948       0.29772685708521984     
   3.7499999999999947       0.29264738852445427     
   3.7999999999999945       0.28777600317611918     
   3.8499999999999943       0.28309856257265659     
   3.8999999999999941       0.27860208927742025     
   3.9499999999999940       0.27427468186832338     
   3.9999999999999938       0.27010543219932959     
   4.0499999999999936       0.26608434575946377     
   4.0999999999999934       0.26220226574317246     
   4.1499999999999932       0.25845080126582221     
   4.1999999999999931       0.25482226000316416     
   4.2499999999999929       0.25130958540249976     
   4.2999999999999927       0.24790629850446866     
   4.3499999999999925       0.24460644432600798     
   4.3999999999999924       0.24140454268510134     
   4.4499999999999922       0.23829554329437913     
   4.4999999999999920       0.23527478491137988     
   4.5499999999999918       0.23233795830631948     
   4.5999999999999917       0.22948107279163188     
   4.6499999999999915       0.22670042604955665     
   4.6999999999999913       0.22399257699303482     
   4.7499999999999911       0.22135432139967173     
   4.7999999999999909       0.21878267006724980     
   4.8499999999999908       0.21627482925110994     
   4.8999999999999906       0.21382818315771587     
   4.9499999999999904       0.21144027828407558     
   4.9999999999999902       0.20910880940876697     
