   0.0000000000000000        1.0000000000000000     
   1.0000000000000000E-003  0.99296389568684029     
   2.0000000000000000E-003  0.98596538212337625     
   3.0000000000000001E-003  0.97900465304037632     
   4.0000000000000001E-003  0.97208189283245383     
   5.0000000000000001E-003  0.96519727664267951     
   6.0000000000000001E-003  0.95835097045066564     
   7.0000000000000001E-003  0.95154313116396516     
   8.0000000000000002E-003  0.94477390671262806     
   9.0000000000000011E-003  0.93804343614675845     
   1.0000000000000002E-002  0.93135184973691776     
   1.1000000000000003E-002  0.92469926907722044     
   1.2000000000000004E-002  0.91808580719096899     
   1.3000000000000005E-002  0.91151156863867877     
   1.4000000000000005E-002  0.90497664962834345     
   1.5000000000000006E-002  0.89848113812779451     
   1.6000000000000007E-002  0.89202511397901030     
   1.7000000000000008E-002  0.88560864901423242     
   1.8000000000000009E-002  0.87923180717374982     
   1.9000000000000010E-002  0.87289464462521360     
   2.0000000000000011E-002  0.86659720988434696     
   2.1000000000000012E-002  0.86033954393692025     
   2.2000000000000013E-002  0.85412168036186054     
   2.3000000000000013E-002  0.84794364545537049     
   2.4000000000000014E-002  0.84180545835593357     
   2.5000000000000015E-002  0.83570713117008544     
   2.6000000000000016E-002  0.82964866909883461     
   2.7000000000000017E-002  0.82363007056461901     
   2.8000000000000018E-002  0.81765132733868762     
   2.9000000000000019E-002  0.81171242466880056     
   3.0000000000000020E-002  0.80581334140714256     
   3.1000000000000021E-002  0.79995405013835053     
   3.2000000000000021E-002  0.79413451730755691     
   3.3000000000000022E-002  0.78835470334835467     
   3.4000000000000023E-002  0.78261456281059372     
   3.5000000000000024E-002  0.77691404448792101     
   3.6000000000000025E-002  0.77125309154497945     
   3.7000000000000026E-002  0.76563164164418573     
   3.8000000000000027E-002  0.76004962707200874     
   3.9000000000000028E-002  0.75450697486467388     
   4.0000000000000029E-002  0.74900360693322221     
   4.1000000000000029E-002  0.74353944018785612     
   4.2000000000000030E-002  0.73811438666150686     
   4.3000000000000031E-002  0.73272835363256106     
   4.4000000000000032E-002  0.72738124374668778     
   4.5000000000000033E-002  0.72207295513771053     
   4.6000000000000034E-002  0.71680338154746970     
   4.7000000000000035E-002  0.71157241244462699     
   4.8000000000000036E-002  0.70637993314236291     
   4.9000000000000037E-002  0.70122582491492369     
   5.0000000000000037E-002  0.69610996511297496     
   5.1000000000000038E-002  0.69103222727772340     
   5.2000000000000039E-002  0.68599248125376933     
   5.3000000000000040E-002  0.68099059330065592     
   5.4000000000000041E-002  0.67602642620308384     
   5.5000000000000042E-002  0.67109983937976114     
   5.6000000000000043E-002  0.66621068899086144     
   5.7000000000000044E-002  0.66135882804406676     
   5.8000000000000045E-002  0.65654410649917050     
   5.9000000000000045E-002  0.65176637137122140     
   6.0000000000000046E-002  0.64702546683218964     
   6.1000000000000047E-002  0.64232123431113897     
   6.2000000000000048E-002  0.63765351259288916     
   6.3000000000000042E-002  0.63302213791515760     
   6.4000000000000043E-002  0.62842694406416832     
   6.5000000000000044E-002  0.62386776246871933     
   6.6000000000000045E-002  0.61934442229270092     
   6.7000000000000046E-002  0.61485675052605904     
   6.8000000000000047E-002  0.61040457207419918     
   6.9000000000000047E-002  0.60598770984582828     
   7.0000000000000048E-002  0.60160598483923267     
   7.1000000000000049E-002  0.59725921622699230     
   7.2000000000000050E-002  0.59294722143913237     
   7.3000000000000051E-002  0.58866981624471471     
   7.4000000000000052E-002  0.58442681483187231     
   7.5000000000000053E-002  0.58021802988629223     
   7.6000000000000054E-002  0.57604327266815203     
   7.7000000000000055E-002  0.57190235308751702     
   7.8000000000000055E-002  0.56779507977820609     
   7.9000000000000056E-002  0.56372126017013413     
   8.0000000000000057E-002  0.55968070056014185     
   8.1000000000000058E-002  0.55567320618132154     
   8.2000000000000059E-002  0.55169858127085192     
   8.3000000000000060E-002  0.54775662913635248     
   8.4000000000000061E-002  0.54384715222077029     
   8.5000000000000062E-002  0.53996995216581267     
   8.6000000000000063E-002  0.53612482987393917     
   8.7000000000000063E-002  0.53231158556892688     
   8.8000000000000064E-002  0.52853001885502526     
   8.9000000000000065E-002  0.52477992877471391     
   9.0000000000000066E-002  0.52106111386508025     
   9.1000000000000067E-002  0.51737337221283308     
   9.2000000000000068E-002  0.51371650150796822     
   9.3000000000000069E-002  0.51009029909610348     
   9.4000000000000070E-002  0.50649456202949994     
   9.5000000000000070E-002  0.50292908711678663     
   9.6000000000000071E-002  0.49939367097140719     
   9.7000000000000072E-002  0.49588811005880545     
   9.8000000000000073E-002  0.49241220074236874     
   9.9000000000000074E-002  0.48896573932814696     
  0.10000000000000007       0.48554852210836558     
  0.10100000000000008       0.48216034540375158     
  0.10200000000000008       0.47880100560469074     
  0.10300000000000008       0.47547029921123474     
  0.10400000000000008       0.47216802287197734     
  0.10500000000000008       0.46889397342181804     
  0.10600000000000008       0.46564794791863212     
  0.10700000000000008       0.46242974367886619     
  0.10800000000000008       0.45923915831207734     
  0.10900000000000008       0.45607598975443553     
  0.11000000000000008       0.45294003630120733     
  0.11100000000000008       0.44983109663823972     
  0.11200000000000009       0.44674896987246293     
  0.11300000000000009       0.44369345556143008     
  0.11400000000000009       0.44066435374191293     
  0.11500000000000009       0.43766146495757124     
  0.11600000000000009       0.43468459028571421     
  0.11700000000000009       0.43173353136317200     
  0.11800000000000009       0.42880809041129531     
  0.11900000000000009       0.42590807026010030     
  0.12000000000000009       0.42303327437157717     
  0.12100000000000009       0.42018350686217903     
  0.12200000000000009       0.41735857252450870     
  0.12300000000000010       0.41455827684822055     
  0.12400000000000010       0.41178242604015397     
  0.12500000000000008       0.40903082704371518     
  0.12600000000000008       0.40630328755752415     
  0.12700000000000009       0.40359961605334266     
  0.12800000000000009       0.40091962179329943     
  0.12900000000000009       0.39826311484642846     
  0.13000000000000009       0.39562990610453630     
  0.13100000000000009       0.39301980729741326     
  0.13200000000000009       0.39043263100740411     
  0.13300000000000009       0.38786819068335321     
  0.13400000000000009       0.38532630065393891     
  0.13500000000000009       0.38280677614041170     
  0.13600000000000009       0.38030943326875016     
  0.13700000000000009       0.37783408908124955     
  0.13800000000000009       0.37538056154755628     
  0.13900000000000010       0.37294866957516204     
  0.14000000000000010       0.37053823301937122     
  0.14100000000000010       0.36814907269275482     
  0.14200000000000010       0.36578101037410349     
  0.14300000000000010       0.36343386881689294     
  0.14400000000000010       0.36110747175727387     
  0.14500000000000010       0.35880164392159913     
  0.14600000000000010       0.35651621103349956     
  0.14700000000000010       0.35425099982052116     
  0.14800000000000010       0.35200583802033458     
  0.14900000000000010       0.34978055438652877     
  0.15000000000000011       0.34757497869400000     
  0.15100000000000011       0.34538894174394669     
  0.15200000000000011       0.34322227536848171     
  0.15300000000000011       0.34107481243487203     
  0.15400000000000011       0.33894638684941636     
  0.15500000000000011       0.33683683356097099     
  0.15600000000000011       0.33474598856413346     
  0.15700000000000011       0.33267368890209431     
  0.15800000000000011       0.33061977266916598     
  0.15900000000000011       0.32858407901299841     
  0.16000000000000011       0.32656644813649061     
  0.16100000000000012       0.32456672129940689     
  0.16200000000000012       0.32258474081970678     
  0.16300000000000012       0.32062035007459694     
  0.16400000000000012       0.31867339350131357     
  0.16500000000000012       0.31674371659764389     
  0.16600000000000012       0.31483116592219379     
  0.16700000000000012       0.31293558909441072     
  0.16800000000000012       0.31105683479436830     
  0.16900000000000012       0.30919475276232111     
  0.17000000000000012       0.30734919379803621     
  0.17100000000000012       0.30552000975990923     
  0.17200000000000013       0.30370705356387151     
  0.17300000000000013       0.30191017918209551     
  0.17400000000000013       0.30012924164150456     
  0.17500000000000013       0.29836409702209443     
  0.17600000000000013       0.29661460245507210     
  0.17700000000000013       0.29488061612081856     
  0.17800000000000013       0.29316199724668152     
  0.17900000000000013       0.29145860610460378     
  0.18000000000000013       0.28977030400859333     
  0.18100000000000013       0.28809695331204066     
  0.18200000000000013       0.28643841740488868     
  0.18300000000000013       0.28479456071066089     
  0.18400000000000014       0.28316524868335258     
  0.18500000000000014       0.28155034780419064     
  0.18600000000000014       0.27994972557826669     
  0.18700000000000014       0.27836325053104827     
  0.18800000000000014       0.27679079220477304     
  0.18900000000000014       0.27523222115473051     
  0.19000000000000014       0.27368740894543575     
  0.19100000000000014       0.27215622814669932     
  0.19200000000000014       0.27063855232959799     
  0.19300000000000014       0.26913425606235003     
  0.19400000000000014       0.26764321490609949     
  0.19500000000000015       0.26616530541061284     
  0.19600000000000015       0.26470040510989246     
  0.19700000000000015       0.26324839251771021     
  0.19800000000000015       0.26180914712306474     
  0.19900000000000015       0.26038254938556649     
  0.20000000000000015       0.25896848073075307     
  0.20100000000000015       0.25756682354533916     
  0.20200000000000015       0.25617746117240348     
  0.20300000000000015       0.25480027790651644     
  0.20400000000000015       0.25343515898881136     
  0.20500000000000015       0.25208199060200226     
  0.20600000000000016       0.25074065986535099     
  0.20700000000000016       0.24941105482958670     
  0.20800000000000016       0.24809306447178048     
  0.20900000000000016       0.24678657869017739     
  0.21000000000000016       0.24549148829898890     
  0.21100000000000016       0.24420768502314794     
  0.21200000000000016       0.24293506149302938     
  0.21300000000000016       0.24167351123913777     
  0.21400000000000016       0.24042292868676510     
  0.21500000000000016       0.23918320915062050     
  0.21600000000000016       0.23795424882943425     
  0.21700000000000016       0.23673594480053808     
  0.21800000000000017       0.23552819501442379     
  0.21900000000000017       0.23433089828928216     
  0.22000000000000017       0.23314395430552426     
  0.22100000000000017       0.23196726360028661     
  0.22200000000000017       0.23080072756192227     
  0.22300000000000017       0.22964424842447978     
  0.22400000000000017       0.22849772926217102     
  0.22500000000000017       0.22736107398383029     
  0.22600000000000017       0.22623418732736586     
  0.22700000000000017       0.22511697485420543     
  0.22800000000000017       0.22400934294373726     
  0.22900000000000018       0.22291119878774820     
  0.23000000000000018       0.22182245038486012     
  0.23100000000000018       0.22074300653496595     
  0.23200000000000018       0.21967277683366673     
  0.23300000000000018       0.21861167166671103     
  0.23400000000000018       0.21755960220443757     
  0.23500000000000018       0.21651648039622279     
  0.23600000000000018       0.21548221896493386     
  0.23700000000000018       0.21445673140138882     
  0.23800000000000018       0.21343993195882444     
  0.23900000000000018       0.21243173564737300     
  0.24000000000000019       0.21143205822854921     
  0.24100000000000019       0.21044081620974767     
  0.24200000000000019       0.20945792683875228     
  0.24300000000000019       0.20848330809825835     
  0.24400000000000019       0.20751687870040803     
  0.24500000000000019       0.20655855808134016     
  0.24600000000000019       0.20560826639575525     
  0.24700000000000019       0.20466592451149618     
  0.24800000000000019       0.20373145400414566     
  0.24900000000000019       0.20280477715164086     
  0.25000000000000017       0.20188581692890595     
  0.25100000000000017       0.20097449700250333     
  0.25200000000000017       0.20007074172530412     
  0.25300000000000017       0.19917447613117828     
  0.25400000000000017       0.19828562592970522     
  0.25500000000000017       0.19740411750090545     
  0.25600000000000017       0.19652987788999340     
  0.25700000000000017       0.19566283480215246     
  0.25800000000000017       0.19480291659733226     
  0.25900000000000017       0.19395005228506895     
  0.26000000000000018       0.19310417151932877     
  0.26100000000000018       0.19226520459337523     
  0.26200000000000018       0.19143308243466067     
  0.26300000000000018       0.19060773659974206     
  0.26400000000000018       0.18978909926922191     
  0.26500000000000018       0.18897710324271416     
  0.26600000000000018       0.18817168193383579     
  0.26700000000000018       0.18737276936522421     
  0.26800000000000018       0.18658030016358065     
  0.26900000000000018       0.18579420955474024     
  0.27000000000000018       0.18501443335876847     
  0.27100000000000019       0.18424090798508466     
  0.27200000000000019       0.18347357042761273     
  0.27300000000000019       0.18271235825995896     
  0.27400000000000019       0.18195720963061773     
  0.27500000000000019       0.18120806325820471     
  0.27600000000000019       0.18046485842671803     
  0.27700000000000019       0.17972753498082764     
  0.27800000000000019       0.17899603332119282     
  0.27900000000000019       0.17827029439980804     
  0.28000000000000019       0.17755025971537744     
  0.28100000000000019       0.17683587130871778     
  0.28200000000000019       0.17612707175819026     
  0.28300000000000020       0.17542380417516107     
  0.28400000000000020       0.17472601219949091     
  0.28500000000000020       0.17403363999505345     
  0.28600000000000020       0.17334663224528293     
  0.28700000000000020       0.17266493414875075     
  0.28800000000000020       0.17198849141477132     
  0.28900000000000020       0.17131725025903707     
  0.29000000000000020       0.17065115739928274     
  0.29100000000000020       0.16999016005097892     
  0.29200000000000020       0.16933420592305479     
  0.29300000000000020       0.16868324321365027     
  0.29400000000000021       0.16803722060589743     
  0.29500000000000021       0.16739608726373106     
  0.29600000000000021       0.16675979282772876     
  0.29700000000000021       0.16612828741098007     
  0.29800000000000021       0.16550152159498491     
  0.29900000000000021       0.16487944642558128     
  0.30000000000000021       0.16426201340890209     
  0.30100000000000021       0.16364917450736105     
  0.30200000000000021       0.16304088213566775     
  0.30300000000000021       0.16243708915687174     
  0.30400000000000021       0.16183774887843552     
  0.30500000000000022       0.16124281504833651     
  0.30600000000000022       0.16065224185119786     
  0.30700000000000022       0.16006598390444801     
  0.30800000000000022       0.15948399625450896     
  0.30900000000000022       0.15890623437301310     
  0.31000000000000022       0.15833265415304876     
  0.31100000000000022       0.15776321190543394     
  0.31200000000000022       0.15719786435501859     
  0.31300000000000022       0.15663656863701519     
  0.31400000000000022       0.15607928229335724     
  0.31500000000000022       0.15552596326908613     
  0.31600000000000023       0.15497656990876571     
  0.31700000000000023       0.15443106095292486     
  0.31800000000000023       0.15388939553452780     
  0.31900000000000023       0.15335153317547195     
  0.32000000000000023       0.15281743378311333     
  0.32100000000000023       0.15228705764681941     
  0.32200000000000023       0.15176036543454915     
  0.32300000000000023       0.15123731818946029     
  0.32400000000000023       0.15071787732654351     
  0.32500000000000023       0.15020200462928376     
  0.32600000000000023       0.14968966224634800     
  0.32700000000000023       0.14918081268829986     
  0.32800000000000024       0.14867541882434077     
  0.32900000000000024       0.14817344387907727     
  0.33000000000000024       0.14767485142931486     
  0.33100000000000024       0.14717960540087760     
  0.33200000000000024       0.14668767006545400     
  0.33300000000000024       0.14619901003746849     
  0.33400000000000024       0.14571359027097872     
  0.33500000000000024       0.14523137605659822     
  0.33600000000000024       0.14475233301844473     
  0.33700000000000024       0.14427642711111344     
  0.33800000000000024       0.14380362461667553     
  0.33900000000000025       0.14333389214170175     
  0.34000000000000025       0.14286719661431049     
  0.34100000000000025       0.14240350528124085     
  0.34200000000000025       0.14194278570494992     
  0.34300000000000025       0.14148500576073469     
  0.34400000000000025       0.14103013363387795     
  0.34500000000000025       0.14057813781681835     
  0.34600000000000025       0.14012898710634428     
  0.34700000000000025       0.13968265060081164     
  0.34800000000000025       0.13923909769738510     
  0.34900000000000025       0.13879829808930280     
  0.35000000000000026       0.13836022176316437     
  0.35100000000000026       0.13792483899624211     
  0.35200000000000026       0.13749212035381511     
  0.35300000000000026       0.13706203668652628     
  0.35400000000000026       0.13663455912776190     
  0.35500000000000026       0.13620965909105390     
  0.35600000000000026       0.13578730826750426     
  0.35700000000000026       0.13536747862323192     
  0.35800000000000026       0.13495014239684153     
  0.35900000000000026       0.13453527209691407     
  0.36000000000000026       0.13412284049951950     
  0.36100000000000027       0.13371282064575069     
  0.36200000000000027       0.13330518583927897     
  0.36300000000000027       0.13289990964393103     
  0.36400000000000027       0.13249696588128668     
  0.36500000000000027       0.13209632862829795     
  0.36600000000000027       0.13169797221492879     
  0.36700000000000027       0.13130187122181547     
  0.36800000000000027       0.13090800047794757     
  0.36900000000000027       0.13051633505836938     
  0.37000000000000027       0.13012685028190141     
  0.37100000000000027       0.12973952170888203     
  0.37200000000000027       0.12935432513892911     
  0.37300000000000028       0.12897123660872128     
  0.37400000000000028       0.12859023238979891     
  0.37500000000000028       0.12821128898638459     
  0.37600000000000028       0.12783438313322285     
  0.37700000000000028       0.12745949179343913     
  0.37800000000000028       0.12708659215641771     
  0.37900000000000028       0.12671566163569864     
  0.38000000000000028       0.12634667786689324     
  0.38100000000000028       0.12597961870561836     
  0.38200000000000028       0.12561446222544898     
  0.38300000000000028       0.12525118671588911     
  0.38400000000000029       0.12488977068036092     
  0.38500000000000029       0.12453019283421179     
  0.38600000000000029       0.12417243210273934     
  0.38700000000000029       0.12381646761923408     
  0.38800000000000029       0.12346227872303966     
  0.38900000000000029       0.12310984495763071     
  0.39000000000000029       0.12275914606870775     
  0.39100000000000029       0.12241016200230946     
  0.39200000000000029       0.12206287290294190     
  0.39300000000000029       0.12171725911172462     
  0.39400000000000029       0.12137330116455351     
  0.39500000000000030       0.12103097979028032     
  0.39600000000000030       0.12069027590890860     
  0.39700000000000030       0.12035117062980602     
  0.39800000000000030       0.12001364524993288     
  0.39900000000000030       0.11967768125208672     
  0.40000000000000030       0.11934326030316286     
  0.40100000000000030       0.11901036425243074     
  0.40200000000000030       0.11867897512982595     
  0.40300000000000030       0.11834907514425785     
  0.40400000000000030       0.11802064668193255     
  0.40500000000000030       0.11769367230469117     
  0.40600000000000031       0.11736813474836337     
  0.40700000000000031       0.11704401692113579     
  0.40800000000000031       0.11672130190193550     
  0.40900000000000031       0.11639997293882813     
  0.41000000000000031       0.11608001344743078     
  0.41100000000000031       0.11576140700933937     
  0.41200000000000031       0.11544413737057044     
  0.41300000000000031       0.11512818844001720     
  0.41400000000000031       0.11481354428791983     
  0.41500000000000031       0.11450018914434978     
  0.41600000000000031       0.11418810739770793     
  0.41700000000000031       0.11387728359323666     
  0.41800000000000032       0.11356770243154556     
  0.41900000000000032       0.11325934876715071     
  0.42000000000000032       0.11295220760702744     
  0.42100000000000032       0.11264626410917636     
  0.42200000000000032       0.11234150358120271     
  0.42300000000000032       0.11203791147890871     
  0.42400000000000032       0.11173547340489902     
  0.42500000000000032       0.11143417510719898     
  0.42600000000000032       0.11113400247788566     
  0.42700000000000032       0.11083494155173157     
  0.42800000000000032       0.11053697850486094     
  0.42900000000000033       0.11024009965341836     
  0.43000000000000033       0.10994429145224982     
  0.43100000000000033       0.10964954049359597     
  0.43200000000000033       0.10935583350579745     
  0.43300000000000033       0.10906315735201225     
  0.43400000000000033       0.10877149902894495     
  0.43500000000000033       0.10848084566558784     
  0.43600000000000033       0.10819118452197360     
  0.43700000000000033       0.10790250298793964     
  0.43800000000000033       0.10761478858190397     
  0.43900000000000033       0.10732802894965235     
  0.44000000000000034       0.10704221186313681     
  0.44100000000000034       0.10675732521928533     
  0.44200000000000034       0.10647335703882255     
  0.44300000000000034       0.10619029546510156     
  0.44400000000000034       0.10590812876294649     
  0.44500000000000034       0.10562684531750596     
  0.44600000000000034       0.10534643363311716     
  0.44700000000000034       0.10506688233218056     
  0.44800000000000034       0.10478818015404515     
  0.44900000000000034       0.10451031595390400     
  0.45000000000000034       0.10423327870170028     
  0.45100000000000035       0.10395705748104331     
  0.45200000000000035       0.10368164148813493     
  0.45300000000000035       0.10340702003070580     
  0.45400000000000035       0.10313318252696169     
  0.45500000000000035       0.10286011850453956     
  0.45600000000000035       0.10258781759947354     
  0.45700000000000035       0.10231626955517047     
  0.45800000000000035       0.10204546422139509     
  0.45900000000000035       0.10177539155326472     
  0.46000000000000035       0.10150604161025342     
  0.46100000000000035       0.10123740455520538     
  0.46200000000000035       0.10096947065335765     
  0.46300000000000036       0.10070223027137197     
  0.46400000000000036       0.10043567387637577     
  0.46500000000000036       0.10016979203501208     
  0.46600000000000036        9.9904575412498448E-002
  0.46700000000000036        9.9640014771694568E-002
  0.46800000000000036        9.9376100972178846E-002
  0.46900000000000036        9.9112824969333449E-002
  0.47000000000000036        9.8850177813438134E-002
  0.47100000000000036        9.8588150648772438E-002
  0.47200000000000036        9.8326734712726419E-002
  0.47300000000000036        9.8065921334919717E-002
  0.47400000000000037        9.7805701936328898E-002
  0.47500000000000037        9.7546068028423055E-002
  0.47600000000000037        9.7287011212307484E-002
  0.47700000000000037        9.7028523177875442E-002
  0.47800000000000037        9.6770595702967921E-002
  0.47900000000000037        9.6513220652541309E-002
  0.48000000000000037        9.6256389977842916E-002
  0.48100000000000037        9.6000095715594230E-002
  0.48200000000000037        9.5744329987181909E-002
  0.48300000000000037        9.5489084997856355E-002
  0.48400000000000037        9.5234353035937927E-002
  0.48500000000000038        9.4980126472030552E-002
  0.48600000000000038        9.4726397758242792E-002
  0.48700000000000038        9.4473159427416270E-002
  0.48800000000000038        9.4220404092361362E-002
  0.48900000000000038        9.3968124445100110E-002
  0.49000000000000038        9.3716313256116249E-002
  0.49100000000000038        9.3464963373612403E-002
  0.49200000000000038        9.3214067722774172E-002
  0.49300000000000038        9.2963619305041281E-002
  0.49400000000000038        9.2713611197385554E-002
  0.49500000000000038        9.2464036551595727E-002
  0.49600000000000039        9.2214888593569008E-002
  0.49700000000000039        9.1966160622609344E-002
  0.49800000000000039        9.1717846010732337E-002
  0.49900000000000039        9.1469938201976700E-002
  0.50000000000000033        9.1222430711722244E-002
  0.50100000000000033        9.0975317126014282E-002
  0.50200000000000033        9.0728591100894512E-002
  0.50300000000000034        9.0482246361738100E-002
  0.50400000000000034        9.0236276702597151E-002
  0.50500000000000034        8.9990675985550328E-002
  0.50600000000000034        8.9745438140058642E-002
  0.50700000000000034        8.9500557162327340E-002
  0.50800000000000034        8.9256027114673842E-002
  0.50900000000000034        8.9011842124901666E-002
  0.51000000000000034        8.8767996385680240E-002
  0.51100000000000034        8.8524484153930647E-002
  0.51200000000000034        8.8281299750217132E-002
  0.51300000000000034        8.8038437558144417E-002
  0.51400000000000035        8.7795892023760716E-002
  0.51500000000000035        8.7553657654966380E-002
  0.51600000000000035        8.7311729020928167E-002
  0.51700000000000035        8.7070100751499041E-002
  0.51800000000000035        8.6828767536643536E-002
  0.51900000000000035        8.6587724125868459E-002
  0.52000000000000035        8.6346965327659106E-002
  0.52100000000000035        8.6106486008920693E-002
  0.52200000000000035        8.5866281094425234E-002
  0.52300000000000035        8.5626345566263529E-002
  0.52400000000000035        8.5386674463302420E-002
  0.52500000000000036        8.5147262880647182E-002
  0.52600000000000036        8.4908105969108999E-002
  0.52700000000000036        8.4669198934677503E-002
  0.52800000000000036        8.4430537037998327E-002
  0.52900000000000036        8.4192115593855574E-002
  0.53000000000000036        8.3953929970659244E-002
  0.53100000000000036        8.3715975589937486E-002
  0.53200000000000036        8.3478247925833707E-002
  0.53300000000000036        8.3240742504608403E-002
  0.53400000000000036        8.3003454904145763E-002
  0.53500000000000036        8.2766380753464916E-002
  0.53600000000000037        8.2529515732235881E-002
  0.53700000000000037        8.2292855570300014E-002
  0.53800000000000037        8.2056396047195071E-002
  0.53900000000000037        8.1820132991684821E-002
  0.54000000000000037        8.1584062281292988E-002
  0.54100000000000037        8.1348179841841770E-002
  0.54200000000000037        8.1112481646994625E-002
  0.54300000000000037        8.0876963717803466E-002
  0.54400000000000037        8.0641622122260115E-002
  0.54500000000000037        8.0406452974852063E-002
  0.54600000000000037        8.0171452436122378E-002
  0.54700000000000037        7.9936616712233843E-002
  0.54800000000000038        7.9701942054537234E-002
  0.54900000000000038        7.9467424759143673E-002
  0.55000000000000038        7.9233061166501070E-002
  0.55100000000000038        7.8998847660974522E-002
  0.55200000000000038        7.8764780670430815E-002
  0.55300000000000038        7.8530856665826737E-002
  0.55400000000000038        7.8297072160801409E-002
  0.55500000000000038        7.8063423711272423E-002
  0.55600000000000038        7.7829907915035842E-002
  0.55700000000000038        7.7596521411370009E-002
  0.55800000000000038        7.7363260880643062E-002
  0.55900000000000039        7.7130123043924262E-002
  0.56000000000000039        7.6897104662598956E-002
  0.56100000000000039        7.6664202537987211E-002
  0.56200000000000039        7.6431413510966037E-002
  0.56300000000000039        7.6198734461595294E-002
  0.56400000000000039        7.5966162308747018E-002
  0.56500000000000039        7.5733694009738381E-002
  0.56600000000000039        7.5501326559968079E-002
  0.56700000000000039        7.5269056992556219E-002
  0.56800000000000039        7.5036882377987529E-002
  0.56900000000000039        7.4804799823758081E-002
  0.57000000000000040        7.4572806474025283E-002
  0.57100000000000040        7.4340899509261246E-002
  0.57200000000000040        7.4109076145909392E-002
  0.57300000000000040        7.3877333636044373E-002
  0.57400000000000040        7.3645669267035183E-002
  0.57500000000000040        7.3414080361211498E-002
  0.57600000000000040        7.3182564275533157E-002
  0.57700000000000040        7.2951118401262796E-002
  0.57800000000000040        7.2719740163641605E-002
  0.57900000000000040        7.2488427021568130E-002
  0.58000000000000040        7.2257176467280165E-002
  0.58100000000000041        7.2025986026039629E-002
  0.58200000000000041        7.1794853255820440E-002
  0.58300000000000041        7.1563775746999375E-002
  0.58400000000000041        7.1332751122049856E-002
  0.58500000000000041        7.1101777035238622E-002
  0.58600000000000041        7.0870851172325305E-002
  0.58700000000000041        7.0639971250264860E-002
  0.58800000000000041        7.0409135016912788E-002
  0.58900000000000041        7.0178340250733204E-002
  0.59000000000000041        6.9947584760509607E-002
  0.59100000000000041        6.9716866385058501E-002
  0.59200000000000041        6.9486182992945622E-002
  0.59300000000000042        6.9255532482204923E-002
  0.59400000000000042        6.9024912780060205E-002
  0.59500000000000042        6.8794321842649414E-002
  0.59600000000000042        6.8563757654751492E-002
  0.59700000000000042        6.8333218229515907E-002
  0.59800000000000042        6.8102701608194663E-002
  0.59900000000000042        6.7872205859876938E-002
  0.60000000000000042        6.7641729081226148E-002
  0.60100000000000042        6.7411269396219595E-002
  0.60200000000000042        6.7180824955890492E-002
  0.60300000000000042        6.6950393938072505E-002
  0.60400000000000043        6.6719974547146732E-002
  0.60500000000000043        6.6489565013790969E-002
  0.60600000000000043        6.6259163594731496E-002
  0.60700000000000043        6.6028768572497121E-002
  0.60800000000000043        6.5798378255175566E-002
  0.60900000000000043        6.5567990976172219E-002
  0.61000000000000043        6.5337605093971088E-002
  0.61100000000000043        6.5107218991898128E-002
  0.61200000000000043        6.4876831077886679E-002
  0.61300000000000043        6.4646439784245238E-002
  0.61400000000000043        6.4416043567427375E-002
  0.61500000000000044        6.4185640907803876E-002
  0.61600000000000044        6.3955230309436950E-002
  0.61700000000000044        6.3724810299856702E-002
  0.61800000000000044        6.3494379429839612E-002
  0.61900000000000044        6.3263936273189186E-002
  0.62000000000000044        6.3033479426518643E-002
  0.62100000000000044        6.2803007509035655E-002
  0.62200000000000044        6.2572519162329185E-002
  0.62300000000000044        6.2342013050158254E-002
  0.62400000000000044        6.2111487858242789E-002
  0.62500000000000044        6.1880942294056406E-002
  0.62600000000000044        6.1650375086621148E-002
  0.62700000000000045        6.1419784986304196E-002
  0.62800000000000045        6.1189170764616475E-002
  0.62900000000000045        6.0958531214013185E-002
  0.63000000000000045        6.0727865147696208E-002
  0.63100000000000045        6.0497171399418390E-002
  0.63200000000000045        6.0266448823289666E-002
  0.63300000000000045        6.0035696293585017E-002
  0.63400000000000045        5.9804912704554264E-002
  0.63500000000000045        5.9574096970233623E-002
  0.63600000000000045        5.9343248024259068E-002
  0.63700000000000045        5.9112364819681469E-002
  0.63800000000000046        5.8881446328783428E-002
  0.63900000000000046        5.8650491542897892E-002
  0.64000000000000046        5.8419499472228471E-002
  0.64100000000000046        5.8188469145671433E-002
  0.64200000000000046        5.7957399610639386E-002
  0.64300000000000046        5.7726289932886643E-002
  0.64400000000000046        5.7495139196336219E-002
  0.64500000000000046        5.7263946502908468E-002
  0.64600000000000046        5.7032710972351318E-002
  0.64700000000000046        5.6801431742072146E-002
  0.64800000000000046        5.6570107966971206E-002
  0.64900000000000047        5.6338738819276632E-002
  0.65000000000000047        5.6107323488381017E-002
  0.65100000000000047        5.5875861180679505E-002
  0.65200000000000047        5.5644351119409435E-002
  0.65300000000000047        5.5412792544491489E-002
  0.65400000000000047        5.5181184712372322E-002
  0.65500000000000047        5.4949526895868690E-002
  0.65600000000000047        5.4717818384013045E-002
  0.65700000000000047        5.4486058481900579E-002
  0.65800000000000047        5.4254246510537722E-002
  0.65900000000000047        5.4022381806692034E-002
  0.66000000000000048        5.3790463722743556E-002
  0.66100000000000048        5.3558491626537523E-002
  0.66200000000000048        5.3326464901238484E-002
  0.66300000000000048        5.3094382945185765E-002
  0.66400000000000048        5.2862245171750352E-002
  0.66500000000000048        5.2630051009193046E-002
  0.66600000000000048        5.2397799900523997E-002
  0.66700000000000048        5.2165491303363565E-002
  0.66800000000000048        5.1933124689804440E-002
  0.66900000000000048        5.1700699546275125E-002
  0.67000000000000048        5.1468215373404638E-002
  0.67100000000000048        5.1235671685888530E-002
  0.67200000000000049        5.1003068012356136E-002
  0.67300000000000049        5.0770403895239090E-002
  0.67400000000000049        5.0537678890641050E-002
  0.67500000000000049        5.0304892568208665E-002
  0.67600000000000049        5.0072044511003770E-002
  0.67700000000000049        4.9839134315376725E-002
  0.67800000000000049        4.9606161590840990E-002
  0.67900000000000049        4.9373125959948867E-002
  0.68000000000000049        4.9140027058168390E-002
  0.68100000000000049        4.8906864533761377E-002
  0.68200000000000049        4.8673638047662643E-002
  0.68300000000000050        4.8440347273360315E-002
  0.68400000000000050        4.8206991896777275E-002
  0.68500000000000050        4.7973571616153739E-002
  0.68600000000000050        4.7740086141930899E-002
  0.68700000000000050        4.7506535196635669E-002
  0.68800000000000050        4.7272918514766525E-002
  0.68900000000000050        4.7039235842680376E-002
  0.69000000000000050        4.6805486938480537E-002
  0.69100000000000050        4.6571671571905705E-002
  0.69200000000000050        4.6337789524220012E-002
  0.69300000000000050        4.6103840588104079E-002
  0.69400000000000051        4.5869824567547089E-002
  0.69500000000000051        4.5635741277739894E-002
  0.69600000000000051        4.5401590544969075E-002
  0.69700000000000051        4.5167372206512041E-002
  0.69800000000000051        4.4933086110533066E-002
  0.69900000000000051        4.4698732115980314E-002
  0.70000000000000051        4.4464310092483819E-002
  0.70100000000000051        4.4229819920254425E-002
  0.70200000000000051        4.3995261489983666E-002
  0.70300000000000051        4.3760634702744557E-002
  0.70400000000000051        4.3525939469893332E-002
  0.70500000000000052        4.3291175712972099E-002
  0.70600000000000052        4.3056343363612387E-002
  0.70700000000000052        4.2821442363439592E-002
  0.70800000000000052        4.2586472663978324E-002
  0.70900000000000052        4.2351434226558619E-002
  0.71000000000000052        4.2116327022223024E-002
  0.71100000000000052        4.1881151031634568E-002
  0.71200000000000052        4.1645906244985556E-002
  0.71300000000000052        4.1410592661907233E-002
  0.71400000000000052        4.1175210291380271E-002
  0.71500000000000052        4.0939759151646098E-002
  0.71600000000000052        4.0704239270119048E-002
  0.71700000000000053        4.0468650683299322E-002
  0.71800000000000053        4.0232993436686751E-002
  0.71900000000000053        3.9997267584695372E-002
  0.72000000000000053        3.9761473190568782E-002
  0.72100000000000053        3.9525610326296284E-002
  0.72200000000000053        3.9289679072529810E-002
  0.72300000000000053        3.9053679518501597E-002
  0.72400000000000053        3.8817611761942650E-002
  0.72500000000000053        3.8581475909001933E-002
  0.72600000000000053        3.8345272074166339E-002
  0.72700000000000053        3.8109000380181370E-002
  0.72800000000000054        3.7872660957972537E-002
  0.72900000000000054        3.7636253946567548E-002
  0.73000000000000054        3.7399779493019147E-002
  0.73100000000000054        3.7163237752328708E-002
  0.73200000000000054        3.6926628887370500E-002
  0.73300000000000054        3.6689953068816686E-002
  0.73400000000000054        3.6453210475062975E-002
  0.73500000000000054        3.6216401292155011E-002
  0.73600000000000054        3.5979525713715363E-002
  0.73700000000000054        3.5742583940871271E-002
  0.73800000000000054        3.5505576182183002E-002
  0.73900000000000055        3.5268502653572863E-002
  0.74000000000000055        3.5031363578254912E-002
  0.74100000000000055        3.4794159186665265E-002
  0.74200000000000055        3.4556889716393077E-002
  0.74300000000000055        3.4319555412112131E-002
  0.74400000000000055        3.4082156525513066E-002
  0.74500000000000055        3.3844693315236249E-002
  0.74600000000000055        3.3607166046805213E-002
  0.74700000000000055        3.3369574992560748E-002
  0.74800000000000055        3.3131920431595574E-002
  0.74900000000000055        3.2894202649689626E-002
  0.75000000000000056        3.2656421939245908E-002
  0.75100000000000056        3.2418578599226970E-002
  0.75200000000000056        3.2180672935091914E-002
  0.75300000000000056        3.1942705258734043E-002
  0.75400000000000056        3.1704675888419007E-002
  0.75500000000000056        3.1466585148723566E-002
  0.75600000000000056        3.1228433370474897E-002
  0.75700000000000056        3.0990220890690444E-002
  0.75800000000000056        3.0751948052518324E-002
  0.75900000000000056        3.0513615205178281E-002
  0.76000000000000056        3.0275222703903166E-002
  0.76100000000000056        3.0036770909880960E-002
  0.76200000000000057        2.9798260190197309E-002
  0.76300000000000057        2.9559690917778613E-002
  0.76400000000000057        2.9321063471335587E-002
  0.76500000000000057        2.9082378235307373E-002
  0.76600000000000057        2.8843635599806145E-002
  0.76700000000000057        2.8604835960562208E-002
  0.76800000000000057        2.8365979718869609E-002
  0.76900000000000057        2.8127067281532230E-002
  0.77000000000000057        2.7888099060810374E-002
  0.77100000000000057        2.7649075474367835E-002
  0.77200000000000057        2.7409996945219450E-002
  0.77300000000000058        2.7170863901679110E-002
  0.77400000000000058        2.6931676777308258E-002
  0.77500000000000058        2.6692436010864847E-002
  0.77600000000000058        2.6453142046252747E-002
  0.77700000000000058        2.6213795332471632E-002
  0.77800000000000058        2.5974396323567288E-002
  0.77900000000000058        2.5734945478582398E-002
  0.78000000000000058        2.5495443261507749E-002
  0.78100000000000058        2.5255890141233892E-002
  0.78200000000000058        2.5016286591503224E-002
  0.78300000000000058        2.4776633090862504E-002
  0.78400000000000059        2.4536930122615812E-002
  0.78500000000000059        2.4297178174777903E-002
  0.78600000000000059        2.4057377740027995E-002
  0.78700000000000059        2.3817529315663968E-002
  0.78800000000000059        2.3577633403556977E-002
  0.78900000000000059        2.3337690510106465E-002
  0.79000000000000059        2.3097701146195578E-002
  0.79100000000000059        2.2857665827146989E-002
  0.79200000000000059        2.2617585072679098E-002
  0.79300000000000059        2.2377459406862640E-002
  0.79400000000000059        2.2137289358077669E-002
  0.79500000000000060        2.1897075458970940E-002
  0.79600000000000060        2.1656818246413644E-002
  0.79700000000000060        2.1416518261459554E-002
  0.79800000000000060        2.1176176049303504E-002
  0.79900000000000060        2.0935792159240272E-002
  0.80000000000000060        2.0695367144623812E-002
  0.80100000000000060        2.0454901562826842E-002
  0.80200000000000060        2.0214395975200798E-002
  0.80300000000000060        1.9973850947036152E-002
  0.80400000000000060        1.9733267047523064E-002
  0.80500000000000060        1.9492644849712384E-002
  0.80600000000000060        1.9251984930477011E-002
  0.80700000000000061        1.9011287870473587E-002
  0.80800000000000061        1.8770554254104531E-002
  0.80900000000000061        1.8529784669480388E-002
  0.81000000000000061        1.8288979708382551E-002
  0.81100000000000061        1.8048139966226267E-002
  0.81200000000000061        1.7807266042023998E-002
  0.81300000000000061        1.7566358538349088E-002
  0.81400000000000061        1.7325418061299769E-002
  0.81500000000000061        1.7084445220463450E-002
  0.81600000000000061        1.6843440628881354E-002
  0.81700000000000061        1.6602404903013436E-002
  0.81800000000000062        1.6361338662703631E-002
  0.81900000000000062        1.6120242531145391E-002
  0.82000000000000062        1.5879117134847527E-002
  0.82100000000000062        1.5637963103600352E-002
  0.82200000000000062        1.5396781070442117E-002
  0.82300000000000062        1.5155571671625739E-002
  0.82400000000000062        1.4914335546585817E-002
  0.82500000000000062        1.4673073337905941E-002
  0.82600000000000062        1.4431785691286279E-002
  0.82700000000000062        1.4190473255511446E-002
  0.82800000000000062        1.3949136682418655E-002
  0.82900000000000063        1.3707776626866144E-002
  0.83000000000000063        1.3466393746701867E-002
  0.83100000000000063        1.3224988702732471E-002
  0.83200000000000063        1.2983562158692528E-002
  0.83300000000000063        1.2742114781214042E-002
  0.83400000000000063        1.2500647239796209E-002
  0.83500000000000063        1.2259160206775447E-002
  0.83600000000000063        1.2017654357295678E-002
  0.83700000000000063        1.1776130369278869E-002
  0.83800000000000063        1.1534588923395820E-002
  0.83900000000000063        1.1293030703037214E-002
  0.84000000000000064        1.1051456394284901E-002
  0.84100000000000064        1.0809866685883438E-002
  0.84200000000000064        1.0568262269211872E-002
  0.84300000000000064        1.0326643838255753E-002
  0.84400000000000064        1.0085012089579404E-002
  0.84500000000000064        9.8433677222984073E-003
  0.84600000000000064        9.6017114380523450E-003
  0.84700000000000064        9.3600439409777542E-003
  0.84800000000000064        9.1183659376813213E-003
  0.84900000000000064        8.8766781372133039E-003
  0.85000000000000064        8.6349812510411739E-003
  0.85100000000000064        8.3932759930234867E-003
  0.85200000000000065        8.1515630793839670E-003
  0.85300000000000065        7.9098432286858235E-003
  0.85400000000000065        7.6681171618062675E-003
  0.85500000000000065        7.4263856019112558E-003
  0.85600000000000065        7.1846492744304423E-003
  0.85700000000000065        6.9429089070323401E-003
  0.85800000000000065        6.7011652295996945E-003
  0.85900000000000065        6.4594189742050593E-003
  0.86000000000000065        6.2176708750865802E-003
  0.86100000000000065        5.9759216686239803E-003
  0.86200000000000065        5.7341720933147449E-003
  0.86300000000000066        5.4924228897505071E-003
  0.86400000000000066        5.2506748005936299E-003
  0.86500000000000066        5.0089285705539801E-003
  0.86600000000000066        4.7671849463659004E-003
  0.86700000000000066        4.5254446767653694E-003
  0.86800000000000066        4.2837085124673513E-003
  0.86900000000000066        4.0419772061433337E-003
  0.87000000000000066        3.8002515123990509E-003
  0.87100000000000066        3.5585321877523923E-003
  0.87200000000000066        3.3168199906114916E-003
  0.87300000000000066        3.0751156812529969E-003
  0.87400000000000067        2.8334200218005194E-003
  0.87500000000000067        2.5917337762032598E-003
  0.87600000000000067        2.3500577102148093E-003
  0.87700000000000067        2.1083925913721250E-003
  0.87800000000000067        1.8667391889746765E-003
  0.87900000000000067        1.6250982740637630E-003
  0.88000000000000067        1.3834706194019997E-003
  0.88100000000000067        1.1418569994529706E-003
  0.88200000000000067        9.0025819036104716E-004
  0.88300000000000067        6.5867496993137029E-004
  0.88400000000000067        4.1710811760999544E-004
  0.88500000000000068        1.7555841446419832E-004
  0.88600000000000068       -6.5973356837060890E-005
  0.88700000000000068       -3.0748641204251479E-004
  0.88800000000000068       -5.4897996533781034E-004
  0.88900000000000068       -7.9045322936457561E-004
  0.89000000000000068       -1.0319054152393332E-003
  0.89100000000000068       -1.2733357325722620E-003
  0.89200000000000068       -1.5147433894858089E-003
  0.89300000000000068       -1.7561275926331517E-003
  0.89400000000000068       -1.9974875472165139E-003
  0.89500000000000068       -2.2388224570053339E-003
  0.89600000000000068       -2.4801315243542905E-003
  0.89700000000000069       -2.7214139502211841E-003
  0.89800000000000069       -2.9626689341846757E-003
  0.89900000000000069       -3.2038956744618870E-003
  0.90000000000000069       -3.4450933679258601E-003
  0.90100000000000069       -3.6862612101228797E-003
  0.90200000000000069       -3.9273983952896590E-003
  0.90300000000000069       -4.1685041163703898E-003
  0.90400000000000069       -4.4095775650336609E-003
  0.90500000000000069       -4.6506179316892406E-003
  0.90600000000000069       -4.8916244055047294E-003
  0.90700000000000069       -5.1325961744220850E-003
  0.90800000000000070       -5.3735324251740135E-003
  0.90900000000000070       -5.6144323433002380E-003
  0.91000000000000070       -5.8552951131636373E-003
  0.91100000000000070       -6.0961199179662617E-003
  0.91200000000000070       -6.3369059397652234E-003
  0.91300000000000070       -6.5776523594884648E-003
  0.91400000000000070       -6.8183583569504059E-003
  0.91500000000000070       -7.0590231108674691E-003
  0.91600000000000070       -7.2996457988734869E-003
  0.91700000000000070       -7.5402255975349922E-003
  0.91800000000000070       -7.7807616823663862E-003
  0.91900000000000071       -8.0212532278449988E-003
  0.92000000000000071       -8.2616994074260278E-003
  0.92100000000000071       -8.5020993935573646E-003
  0.92200000000000071       -8.7424523576943129E-003
  0.92300000000000071       -8.9827574703141896E-003
  0.92400000000000071       -9.2230139009308182E-003
  0.92500000000000071       -9.4632208181089136E-003
  0.92600000000000071       -9.7033773894783550E-003
  0.92700000000000071       -9.9434827817483570E-003
  0.92800000000000071       -1.0183536160721530E-002
  0.92900000000000071       -1.0423536691307836E-002
  0.93000000000000071       -1.0663483537538442E-002
  0.93100000000000072       -1.0903375862579468E-002
  0.93200000000000072       -1.1143212828745632E-002
  0.93300000000000072       -1.1382993597513805E-002
  0.93400000000000072       -1.1622717329536441E-002
  0.93500000000000072       -1.1862383184654936E-002
  0.93600000000000072       -1.2101990321912871E-002
  0.93700000000000072       -1.2341537899569158E-002
  0.93800000000000072       -1.2581025075111099E-002
  0.93900000000000072       -1.2820451005267340E-002
  0.94000000000000072       -1.3059814846020741E-002
  0.94100000000000072       -1.3299115752621134E-002
  0.94200000000000073       -1.3538352879598009E-002
  0.94300000000000073       -1.3777525380773098E-002
  0.94400000000000073       -1.4016632409272863E-002
  0.94500000000000073       -1.4255673117540904E-002
  0.94600000000000073       -1.4494646657350268E-002
  0.94700000000000073       -1.4733552179815680E-002
  0.94800000000000073       -1.4972388835405678E-002
  0.94900000000000073       -1.5211155773954663E-002
  0.95000000000000073       -1.5449852144674864E-002
  0.95100000000000073       -1.5688477096168219E-002
  0.95200000000000073       -1.5927029776438166E-002
  0.95300000000000074       -1.6165509332901361E-002
  0.95400000000000074       -1.6403914912399301E-002
  0.95500000000000074       -1.6642245661209872E-002
  0.95600000000000074       -1.6880500725058822E-002
  0.95700000000000074       -1.7118679249131134E-002
  0.95800000000000074       -1.7356780378082338E-002
  0.95900000000000074       -1.7594803256049740E-002
  0.96000000000000074       -1.7832747026663567E-002
  0.96100000000000074       -1.8070610833058033E-002
  0.96200000000000074       -1.8308393817882348E-002
  0.96300000000000074       -1.8546095123311623E-002
  0.96400000000000075       -1.8783713891057718E-002
  0.96500000000000075       -1.9021249262380011E-002
  0.96600000000000075       -1.9258700378096093E-002
  0.96700000000000075       -1.9496066378592386E-002
  0.96800000000000075       -1.9733346403834701E-002
  0.96900000000000075       -1.9970539593378710E-002
  0.97000000000000075       -2.0207645086380351E-002
  0.97100000000000075       -2.0444662021606171E-002
  0.97200000000000075       -2.0681589537443586E-002
  0.97300000000000075       -2.0918426771911088E-002
  0.97400000000000075       -2.1155172862668360E-002
  0.97500000000000075       -2.1391826947026356E-002
  0.97600000000000076       -2.1628388161957279E-002
  0.97700000000000076       -2.1864855644104522E-002
  0.97800000000000076       -2.2101228529792519E-002
  0.97900000000000076       -2.2337505955036557E-002
  0.98000000000000076       -2.2573687055552499E-002
  0.98100000000000076       -2.2809770966766452E-002
  0.98200000000000076       -2.3045756823824381E-002
  0.98300000000000076       -2.3281643761601641E-002
  0.98400000000000076       -2.3517430914712471E-002
  0.98500000000000076       -2.3753117417519402E-002
  0.98600000000000076       -2.3988702404142623E-002
  0.98700000000000077       -2.4224185008469276E-002
  0.98800000000000077       -2.4459564364162693E-002
  0.98900000000000077       -2.4694839604671580E-002
  0.99000000000000077       -2.4930009863239136E-002
  0.99100000000000077       -2.5165074272912112E-002
  0.99200000000000077       -2.5400031966549819E-002
  0.99300000000000077       -2.5634882076833079E-002
  0.99400000000000077       -2.5869623736273110E-002
  0.99500000000000077       -2.6104256077220365E-002
  0.99600000000000077       -2.6338778231873312E-002
  0.99700000000000077       -2.6573189332287167E-002
  0.99800000000000078       -2.6807488510382546E-002
  0.99900000000000078       -2.7041674897954105E-002
   1.0000000000000007       -2.7275747626679090E-002
