   0.0000000000000000        1.0000000000000000        0.0000000000000000     
   1.4999999999999999E-002  0.99988750000000004       -1.4999156249999999E-002
   2.9999999999999999E-002  0.99955044716376962       -2.9938694017790771E-002
   4.4999999999999998E-002  0.99898975935396617       -4.4815475464107073E-002
   5.9999999999999998E-002  0.99820640130932459       -5.9626388636091349E-002
   7.4999999999999997E-002  0.99720138425181637       -7.4368348070414564E-002
   8.9999999999999997E-002  0.99597576548482136       -8.9038295388175287E-002
  0.10500000000000000       0.99453064798243940      -0.10363319988147408     
  0.12000000000000000       0.99286717997006591      -0.11815005909156234     
  0.13500000000000001       0.99098655449635775      -0.13258589937846715     
  0.15000000000000002       0.98889000899671997      -0.14693777648199599     
  0.16500000000000004       0.98657882484844150      -0.16120277607402722     
  0.18000000000000005       0.98405432691761274      -0.17537801430199501     
  0.19500000000000006       0.98131788309795687      -0.18946063832347931     
  0.21000000000000008       0.97837090384170899      -0.20344782683181376     
  0.22500000000000009       0.97521484168267925      -0.21733679057262736     
  0.24000000000000010       0.97185119075163529      -0.23112477285123736     
  0.25500000000000012       0.96828148628414357      -0.24480905003081357     
  0.27000000000000013       0.96450730412100649      -0.25838693202123664     
  0.28500000000000014       0.96053026020143750      -0.27185576275857531     
  0.30000000000000016       0.95635201004911385      -0.28521292067510978     
  0.31500000000000017       0.95197424825125065      -0.29845581915983083     
  0.33000000000000018       0.94739870793083880      -0.31158190700934713     
  0.34500000000000020       0.94262716021219095      -0.32458866886913479     
  0.36000000000000021       0.93766141367994194      -0.33747362566506656     
  0.37500000000000022       0.93250331383164875      -0.35023433502515949     
  0.39000000000000024       0.92715474252413788      -0.36286839169148355     
  0.40500000000000025       0.92161761741374792      -0.37537342792217465     
  0.42000000000000026       0.91589389139061650      -0.38774711388349925     
  0.43500000000000028       0.90998555200716058      -0.39998715803191948     
  0.45000000000000029       0.90389462090090067      -0.41209130748611023     
  0.46500000000000030       0.89762315321178066      -0.42405734838888243     
  0.48000000000000032       0.89117323699413453      -0.43588310625896848     
  0.49500000000000033       0.88454699262345160      -0.44756644633262926     
  0.51000000000000034       0.87774657219809515      -0.45910527389504352     
  0.52500000000000036       0.87077415893612553      -0.47049753460144378     
  0.54000000000000037       0.86363196656738417      -0.48174121478796467     
  0.55500000000000038       0.85632223872099178      -0.49283434177217261     
  0.57000000000000040       0.84884724830841540      -0.50377498414324751     
  0.58500000000000041       0.84120929690226109      -0.51456125204179037     
  0.60000000000000042       0.83341071411094647      -0.52519129742923276     
  0.61500000000000044       0.82545385694941065      -0.53566331434682579     
  0.63000000000000045       0.81734110920601744      -0.54597553916419095     
  0.64500000000000046       0.80907488080580781      -0.55612625081741396     
  0.66000000000000048       0.80065760717026013      -0.56611377103666916     
  0.67500000000000049       0.79209174857371389      -0.57593646456336145     
  0.69000000000000050       0.78337978949661480      -0.58559273935677636     
  0.70500000000000052       0.77452423797573922      -0.59508104679023111     
  0.72000000000000053       0.76552762495155446      -0.60439988183672244     
  0.73500000000000054       0.75639250361287325      -0.61354778324406789     
  0.75000000000000056       0.74712144873895958      -0.62252333369954138     
  0.76500000000000057       0.73771705603924365      -0.63132515998400462     
  0.78000000000000058       0.72818194149080373      -0.63995193311553999     
  0.79500000000000060       0.71851874067377186      -0.64840236848259103     
  0.81000000000000061       0.70873010810482084      -0.65667522596662076     
  0.82500000000000062       0.69881871656889005      -0.66476931005429873     
  0.84000000000000064       0.68878725644930694      -0.67268346993923156     
  0.85500000000000065       0.67863843505646004      -0.68041659961325274     
  0.87000000000000066       0.66837497595518158      -0.68796763794729032     
  0.88500000000000068       0.65799961829099463      -0.69533556876183433     
  0.90000000000000069       0.64751511611538082      -0.70251942088702524     
  0.91500000000000070       0.63692423771022499      -0.70951826821239095     
  0.93000000000000071       0.62622976491159010      -0.71633122972625807     
  0.94500000000000073       0.61543449243297965      -0.72295746954486884     
  0.96000000000000074       0.60454122718823877      -0.72939619693123470     
  0.97500000000000075       0.59355278761425023      -0.73564666630376119     
  0.99000000000000077       0.58247200299357704      -0.74170817723468074     
   1.0050000000000008       0.57130171277720476      -0.74758007443833152     
   1.0200000000000007       0.56004476590753594      -0.75326174774932331     
   1.0350000000000006       0.54870402014178699      -0.75875263209063326     
   1.0500000000000005       0.53728234137593911      -0.76405220743167634     
   1.0650000000000004       0.52578260296939316      -0.76915999873639751     
   1.0800000000000003       0.51420768507047765      -0.77407557590143505     
   1.0950000000000002       0.50256047394295789      -0.77879855368440543     
   1.1100000000000001       0.49084386129369562      -0.78332859162236379     
   1.1250000000000000       0.47906074360160400      -0.78766539394049462     
   1.1399999999999999       0.46721402144804597      -0.79180870945109016     
   1.1549999999999998       0.45530659884882002      -0.79575833144287511     
   1.1699999999999997       0.44334138258787825      -0.79951409756073955     
   1.1849999999999996       0.43132128155291993      -0.80307588967594279     
   1.1999999999999995       0.41924920607300326      -0.80644363374685246     
   1.2149999999999994       0.40712806725831641      -0.80961729967028662     
   1.2299999999999993       0.39496077634224874      -0.81259690112352723     
   1.2449999999999992       0.38275024402590146      -0.81538249539707508     
   1.2599999999999991       0.37049937982517545      -0.81797418321821913     
   1.2749999999999990       0.35821109142057489      -0.82037210856549392     
   1.2899999999999989       0.34588828400986110      -0.82257645847410155     
   1.3049999999999988       0.33353385966369309      -0.82458746283237527     
   1.3199999999999987       0.32115071668438744      -0.82640539416936443     
   1.3349999999999986       0.30874174896793100      -0.82803056743362169     
   1.3499999999999985       0.29630984536937688      -0.82946333976327546     
   1.3649999999999984       0.28385788907175458      -0.83070411024747171     
   1.3799999999999983       0.27138875695862263      -0.83175331967927146     
   1.3949999999999982       0.25890531899039171      -0.83261145030009176     
   1.4099999999999981       0.24641043758454362      -0.83327902553577848     
   1.4249999999999980       0.23390696699987187      -0.83375660972440246     
   1.4399999999999979       0.22139775272486684      -0.83404480783587154     
   1.4549999999999979       0.20888563087036760      -0.83414426518345131     
   1.4699999999999978       0.19637342756660120      -0.83405566712729062     
   1.4849999999999977       0.18386395836472855      -0.83377973877004830     
   1.4999999999999976       0.17136002764301470      -0.83331724464471868     
   1.5149999999999975       0.15886442801773970      -0.83266898839475667     
   1.5299999999999974       0.14637993975896496      -0.83183581244660165     
   1.5449999999999973       0.13390933021126811      -0.83081859767470367     
   1.5599999999999972       0.12145535321955839      -0.82961826305915476     
   1.5749999999999971       0.10902074856008241      -0.82823576533603027     
   1.5899999999999970        9.6608241376729034E-002 -0.82667209864054625     
   1.6049999999999969        8.4220541622740230E-002 -0.82492829414314017     
   1.6199999999999968        7.1860343507933341E-002 -0.82300541967858343     
   1.6349999999999967        5.9530324951538406E-002 -0.82090457936823480     
   1.6499999999999966        4.7233147040752571E-002 -0.81862691323554615     
   1.6649999999999965        3.4971453495112048E-002 -0.81617359681493185     
   1.6799999999999964        2.2747870136780288E-002 -0.81354584075411507     
   1.6949999999999963        1.0565004366849384E-002 -0.81074489041006437     
   1.7099999999999962       -1.5745553522500694E-003 -0.80777202543863613     
   1.7249999999999961       -1.3668240008137022E-002 -0.80462855937803834     
   1.7399999999999960       -2.5713500543574172E-002 -0.80131583922623284     
   1.7549999999999959       -3.7707808355178271E-002 -0.79783524501239378     
   1.7699999999999958       -4.9648655785658247E-002 -0.79418818936254099     
   1.7849999999999957       -6.1533556609494652E-002 -0.79037611705946786     
   1.7999999999999956       -7.3360046511975807E-002 -0.78640050459708388     
   1.8149999999999955       -8.5125683561507667E-002 -0.78226285972929366     
   1.8299999999999954       -9.6828048675116518E-002 -0.77796472101353409     
   1.8449999999999953      -0.10846474607706506      -0.77350765734909199     
   1.8599999999999952      -0.12003340375050484      -0.76889326751032616     
   1.8749999999999951      -0.13153167388208908      -0.76412317967491794     
   1.8899999999999950      -0.14295723329947274      -0.75919905094727524     
   1.9049999999999949      -0.15430778390162778      -0.75412256687721468     
   1.9199999999999948      -0.16558105308190366      -0.74889544097404870     
   1.9349999999999947      -0.17677479414376529      -0.74351941421620349     
   1.9499999999999946      -0.18788678670914236      -0.73799625455649587     
   1.9649999999999945      -0.19891483711932562      -0.73232775642319548     
   1.9799999999999944      -0.20985677882834822      -0.72651574021700094     
   1.9949999999999943      -0.22071047278879144      -0.72056205180405863     
   2.0099999999999945      -0.23147380782995658      -0.71446856200515285     
   2.0249999999999946      -0.24214470102834662      -0.70823716608119625     
   2.0399999999999947      -0.25272109807040288      -0.70186978321515114     
   2.0549999999999948      -0.26320097360744432      -0.69536835599051050     
   2.0699999999999950      -0.27358233160275891      -0.68873484986646960     
   2.0849999999999951      -0.28386320567079815      -0.68197125264991865     
   2.0999999999999952      -0.29404165940842819      -0.67507957396438723     
   2.1149999999999953      -0.30411578671819284      -0.66806184471607111     
   2.1299999999999955      -0.31408371212354547      -0.66092011655707283     
   2.1449999999999956      -0.32394359107600951      -0.65365646134598721     
   2.1599999999999957      -0.33369361025422789      -0.64627297060596300     
   2.1749999999999958      -0.34333198785486541      -0.63877175498037242     
   2.1899999999999959      -0.35285697387532849      -0.63115494368621960     
   2.2049999999999961      -0.36226685038826961      -0.62342468396541928     
   2.2199999999999962      -0.37155993180784569      -0.61558314053407814     
   2.2349999999999963      -0.38073456514770093      -0.60763249502990879     
   2.2499999999999964      -0.38978913027064771      -0.59957494545790901     
   2.2649999999999966      -0.39872204013001988      -0.59141270563443682     
   2.2799999999999967      -0.40753174100267586      -0.58314800462981242     
   2.2949999999999968      -0.41621671271363003      -0.57478308620957830     
   2.3099999999999969      -0.42477546885229378      -0.56632020827454799     
   2.3249999999999971      -0.43320655698030841      -0.55776164229977387     
   2.3399999999999972      -0.44150855883095502      -0.54910967277256528     
   2.3549999999999973      -0.44968009050012830      -0.54036659662968500     
   2.3699999999999974      -0.45771980262886214      -0.53153472269385627     
   2.3849999999999976      -0.46562638057739847      -0.52261637110970738     
   2.3999999999999977      -0.47339854459079167      -0.51361387277928450     
   2.4149999999999978      -0.48103504995604257      -0.50452956879726096     
   2.4299999999999979      -0.48853468715075898      -0.49536580988597023     
   2.4449999999999981      -0.49589628198334101      -0.48612495583039211     
   2.4599999999999982      -0.50311869572469103      -0.47680937491321790     
   2.4749999999999983      -0.51020082523145083      -0.46742144335012226     
   2.4899999999999984      -0.51714160306076995      -0.45796354472536766     
   2.5049999999999986      -0.52393999757661069      -0.44843806942786718     
   2.5199999999999987      -0.53059501304759871      -0.43884741408783112     
   2.5349999999999988      -0.53710568973642714      -0.42919398101412154     
   2.5499999999999989      -0.54347110398082765      -0.41948017763243917     
   2.5649999999999991      -0.54969036826612050      -0.40970841592446539     
   2.5799999999999992      -0.55576263128935965      -0.39988111186808256     
   2.5949999999999993      -0.56168707801508955      -0.39000068487879391     
   2.6099999999999994      -0.56746292972273249      -0.38006955725246477     
   2.6249999999999996      -0.57308944404562789      -0.37009015360950531     
   2.6399999999999997      -0.57856591500174515      -0.36006490034061439     
   2.6549999999999998      -0.58389167301609468      -0.34999622505420330     
   2.6699999999999999      -0.58906608493486379      -0.33988655602561785     
   2.6850000000000001      -0.59408855403130467      -0.32973832164827555     
   2.7000000000000002      -0.59895852000340388      -0.31955394988683422     
   2.7150000000000003      -0.60367545896336539      -0.30933586773250782     
   2.7300000000000004      -0.60823888341893972      -0.29908650066064363     
   2.7450000000000006      -0.61264834224663367      -0.28880827209067439     
   2.7600000000000007      -0.61690342065683845      -0.27850360284855830     
   2.7750000000000008      -0.62100374015091275      -0.26817491063181809     
   2.7900000000000009      -0.62494895847026155      -0.25782460947728997     
   2.8050000000000010      -0.62873876953745145      -0.24745510923169228     
   2.8200000000000012      -0.63237290338940666      -0.23706881502512200     
   2.8350000000000013      -0.63585112610272954      -0.22666812674758677     
   2.8500000000000014      -0.63917323971119200      -0.21625543852867890     
   2.8650000000000015      -0.64233908211544610      -0.20583313822049656     
   2.8800000000000017      -0.64534852698500311      -0.19540360688391634     
   2.8950000000000018      -0.64820148365253250      -0.18496921827832014     
   2.9100000000000019      -0.65089789700053235      -0.17453233835487844     
   2.9250000000000020      -0.65343774734042670      -0.16409532475349045     
   2.9400000000000022      -0.65582105028414461      -0.15366052630348057     
   2.9550000000000023      -0.65804785660823750      -0.14323028252814965     
   2.9700000000000024      -0.66011825211059516      -0.13280692315327786     
   2.9850000000000025      -0.66203235745981825      -0.12239276761967496     
   3.0000000000000027      -0.66379032803730975      -0.11199012459987272     
   3.0150000000000028      -0.66539235377214934      -0.10160129151905226     
   3.0300000000000029      -0.66683865896881178       -9.1228554080298604E-002
   3.0450000000000030      -0.66812950212779876       -8.0874185794272913E-002
   3.0600000000000032      -0.66926517575924793       -7.0540447513391544E-002
   3.0750000000000033      -0.67024600618958963       -6.0229586970600046E-002
   3.0900000000000034      -0.67107235336131876       -4.9943838322828484E-002
   3.1050000000000035      -0.67174461062595514       -3.9685421699213325E-002
   3.1200000000000037      -0.67226320453026267       -2.9456542754169642E-002
   3.1350000000000038      -0.67262859459580060       -1.9259392225396028E-002
   3.1500000000000039      -0.67284127309188313       -9.0961454968931654E-003
   3.1650000000000040      -0.67290176480202157        1.0310378329244675E-003
   3.1800000000000042      -0.67281062678392656        1.1120014377945612E-002
   3.1950000000000043      -0.67256844812314853        2.1168657385831381E-002
   3.2100000000000044      -0.67217584968043620        3.1174857154161399E-002
   3.2250000000000045      -0.67163348383289223        4.1136521441183259E-002
   3.2400000000000047      -0.67094203420900878        5.1051575871093074E-002
   3.2550000000000048      -0.67010221541766524        6.0917964333776532E-002
   3.2700000000000049      -0.66911477277117093        7.0733649378941138E-002
   3.2850000000000050      -0.66798048200243876        8.0496612604572179E-002
   3.3000000000000052      -0.66670014897637442        9.0204855039646134E-002
   3.3150000000000053      -0.66527460939556782        9.9856397521037032E-002
   3.3300000000000054      -0.66370472850037554       0.10944928106455272     
   3.3450000000000055      -0.66199140076348084       0.11898156723003957     
   3.3600000000000056      -0.66013554957902265       0.12845133848049570     
   3.3750000000000058      -0.65813812694638230       0.13785669853513438     
   3.3900000000000059      -0.65600011314872009       0.14719577271634091     
   3.4050000000000060      -0.65372251642635337       0.15646670829046769     
   3.4200000000000061      -0.65130637264506908       0.16566767480241409     
   3.4350000000000063      -0.64875274495946411       0.17479686440393905     
   3.4500000000000064      -0.64606272347140847       0.18385249217565583     
   3.4650000000000065      -0.64323742488372548       0.19283279644266063     
   3.4800000000000066      -0.64027799214918613       0.20173603908374749     
   3.4950000000000068      -0.63718559411491238       0.21056050583416416     
   3.5100000000000069      -0.63396142516228848       0.21930450658186507     
   3.5250000000000070      -0.63060670484247738       0.22796637565721881     
   3.5400000000000071      -0.62712267750763961       0.23654447211613011     
   3.5550000000000073      -0.62351061193795632       0.24503718001653660     
   3.5700000000000074      -0.61977180096455320       0.25344290868824343     
   3.5850000000000075      -0.61590756108842792       0.26176009299605985     
   3.6000000000000076      -0.61191923209548005       0.26998719359620393     
   3.6150000000000078      -0.60780817666774611       0.27812269718594235     
   3.6300000000000079      -0.60357577999094014       0.28616511674643519     
   3.6450000000000080      -0.59922344935840322       0.29411299177875611     
   3.6600000000000081      -0.59475261377156285       0.30196488853306053     
   3.6750000000000083      -0.59016472353700766       0.30971940023087585     
   3.6900000000000084      -0.58546124986027803       0.31737514728048971     
   3.7050000000000085      -0.58064368443647862       0.32493077748541355     
   3.7200000000000086      -0.57571353903781519       0.33238496624590047     
   3.7350000000000088      -0.57067234509816056       0.33973641675349814     
   3.7500000000000089      -0.56552165329475579       0.34698386017861937     
   3.7650000000000090      -0.56026303312714842       0.35412605585111384     
   3.7800000000000091      -0.55489807249347567       0.36116179143382682     
   3.7950000000000093      -0.54942837726419691       0.36808988308913249     
   3.8100000000000094      -0.54385557085337954       0.37490917563843007     
   3.8250000000000095      -0.53818129378764701       0.38161854271459367     
   3.8400000000000096      -0.53240720327289093       0.38821688690736800     
   3.8550000000000098      -0.52653497275885641       0.39470313990170347     
   3.8700000000000099      -0.52056629150170530       0.40107626260902629     
   3.8850000000000100      -0.51450286412466184       0.40733524529144022     
   3.9000000000000101      -0.50834641017685001       0.41347910767885865     
   3.9150000000000102      -0.50209866369042566       0.41950689907906752     
   3.9300000000000104      -0.49576137273611109       0.42541769848072003     
   3.9450000000000105      -0.48933629897723724       0.43121061464926747     
   3.9600000000000106      -0.48282521722240029       0.43688478621582999     
   3.9750000000000107      -0.47622991497683764       0.44243938175901493     
   3.9900000000000109      -0.46955219199262949       0.44787359987968961     
   4.0050000000000106      -0.46279385981783161       0.45318666926871926     
   4.0200000000000102      -0.45595674134464448       0.45837784876768012     
   4.0350000000000099      -0.44904267035672457       0.46344642742256159     
   4.0500000000000096      -0.44205349107574227       0.46839172453047051     
   4.0650000000000093      -0.43499105770729163       0.47321308967935399     
   4.0800000000000090      -0.42785723398625647       0.47790990278075801     
   4.0950000000000086      -0.42065389272173737       0.48248157409564013     
   4.1100000000000083      -0.41338291534164301       0.48692754425325685     
   4.1250000000000080      -0.40604619143705034       0.49124728426314734     
   4.1400000000000077      -0.39864561830643636       0.49544029552023672     
   4.1550000000000074      -0.39118310049988486       0.49950610980308324     
   4.1700000000000070      -0.38366054936337057       0.50344428926529605     
   4.1850000000000067      -0.37607988258322339       0.50725442642015062     
   4.2000000000000064      -0.36844302373087362       0.51093614411843080     
   4.2150000000000061      -0.36075190180798078       0.51448909551952804     
   4.2300000000000058      -0.35300845079204596       0.51791296405582998     
   4.2450000000000054      -0.34521460918260849       0.52120746339043056     
   4.2600000000000051      -0.33737231954812685       0.52437233736819699     
   4.2750000000000048      -0.32948352807364323       0.52740735996022958     
   4.2900000000000045      -0.32155018410933039       0.53031233520175103     
   4.3050000000000042      -0.31357423972001935       0.53308709712346458     
   4.3200000000000038      -0.30555764923580547       0.53573150967642025     
   4.3350000000000035      -0.29750236880382974       0.53824546665043094     
   4.3500000000000032      -0.28941035594133241       0.54062889158608052     
   4.3650000000000029      -0.28128356909007363       0.54288173768036829     
   4.3800000000000026      -0.27312396717221776       0.54500398768603409     
   4.3950000000000022      -0.26493350914777408       0.54699565380461135     
   4.4100000000000019      -0.25671415357368904       0.54885677757325502     
   4.4250000000000016      -0.24846785816468242       0.55058742974539310     
   4.4400000000000013      -0.24019657935591959       0.55218771016525237     
   4.4550000000000010      -0.23190227186761167       0.55365774763630915     
   4.4700000000000006      -0.22358688827163420       0.55499769978371738     
   4.4850000000000003      -0.21525237856025428       0.55620775291076763     
   4.5000000000000000      -0.20690068971705536       0.55728812184943211     
   4.5149999999999997      -0.19853376529014771       0.55823904980505079     
   4.5299999999999994      -0.19015354496775258       0.55906080819521609     
   4.5449999999999990      -0.18176196415624596       0.55975369648291406     
   4.5599999999999987      -0.17336095356074827       0.56031804200398061     
   4.5749999999999984      -0.16495243876834434       0.56075419978893393     
   4.5899999999999981      -0.15653833983401796       0.56106255237924318     
   4.6049999999999978      -0.14812057086938366       0.56124350963809655     
   4.6199999999999974      -0.13970103963429797       0.56129750855573135     
   4.6349999999999971      -0.13128164713143126       0.56122501304939032     
   4.6499999999999968      -0.12286428720388012       0.56102651375796997     
   4.6649999999999965      -0.11445084613589958       0.56070252783142593     
   4.6799999999999962      -0.10604320225683317       0.56025359871500358     
   4.6949999999999958       -9.7643225548318072E-002  0.55968029592836099     
   4.7099999999999955       -8.9252777254841459E-002  0.55898321483965330     
   4.7249999999999952       -8.0873709497722851E-002  0.55816297643464885     
   4.7399999999999949       -7.2507864892596849E-002  0.55722022708094632     
   4.7549999999999946       -6.4157076170468882E-002  0.55615563828736581     
   4.7699999999999942       -5.5823165802416051E-002  0.55496990645858479     
   4.7849999999999939       -4.7507945628003659E-002  0.55366375264509327     
   4.7999999999999936       -3.9213216487487254E-002  0.55223792228854029     
   4.8149999999999933       -3.0940767857868673E-002  0.55069318496254849     
   4.8299999999999930       -2.2692377492873509E-002  0.54903033410906954     
   4.8449999999999926       -1.4469811066916336E-002  0.54725018677035897     
   4.8599999999999923       -6.2748218231188403E-003  0.54535358331664541     
   4.8749999999999920        1.8908497745551605E-003  0.54334138716957225     
   4.8899999999999917        1.0025476384984962E-002  0.54121448452148979     
   4.9049999999999914        1.8127344129336833E-002  0.53897378405067675     
   4.9199999999999910        2.6194752926206009E-002  0.53662021663257009     
   4.9349999999999907        3.4226016822397572E-002  0.53415473504708344     
   4.9499999999999904        4.2219464319288108E-002  0.53157831368209418     
   4.9649999999999901        5.0173438694711296E-002  0.52889194823318131     
   4.9799999999999898        5.8086298320311799E-002  0.52609665539969419     
   4.9949999999999894        6.5956416974313065E-002  0.52319347257723570     
   5.0099999999999891        7.3782184149645769E-002  0.52018345754664141     
   5.0249999999999888        8.1562005357385059E-002  0.51706768815953874     
   5.0399999999999885        8.9294302425445948E-002  0.51384726202056918     
   5.0549999999999882        9.6977513792487285E-002  0.51052329616635750     
   5.0699999999999878       0.10461009479697632       0.50709692674131268     
   5.0849999999999875       0.11219051796136675       0.50356930867034522     
   5.0999999999999872       0.11971727327134492       0.49994161532858611     
   5.1149999999999869       0.12718886845009955       0.49621503820819307     
   5.1299999999999866       0.13460382922757222       0.49239078658232982     
   5.1449999999999863       0.14196069960464641       0.48847008716640444     
   5.1599999999999859       0.14925804211223540       0.48445418377665384     
   5.1749999999999856       0.15649443806522886       0.48034433698616041     
   5.1899999999999853       0.16366848781126120       0.47614182377838865     
   5.2049999999999850       0.17077881097426448       0.47184793719832824     
   5.2199999999999847       0.17782404669277108       0.46746398600133177     
   5.2349999999999843       0.18480285385293183       0.46299129429973401     
   5.2499999999999840       0.19171391131621721       0.45843120120734138     
   5.2649999999999837       0.19855591814177029       0.45378506048187894     
   5.2799999999999834       0.20532759380338148       0.44905424016548323     
   5.2949999999999831       0.21202767840105619       0.44424012222332937     
   5.3099999999999827       0.21865493286714846       0.43934410218048037     
   5.3249999999999824       0.22520813916703428       0.43436758875704717     
   5.3399999999999821       0.23168610049429991       0.42931200350174825     
   5.3549999999999818       0.23808764146042205       0.42417878042395629     
   5.3699999999999815       0.24441160827891767       0.41896936562432141     
   5.3849999999999811       0.25065686894394296       0.41368521692405874     
   5.3999999999999808       0.25682231340332162       0.40832780349298903     
   5.4149999999999805       0.26290685372598532       0.40289860547642053     
   5.4299999999999802       0.26890942426380843       0.39739911362096053     
   5.4449999999999799       0.27482898180782256       0.39183082889934467     
   5.4599999999999795       0.28066450573879659       0.38619526213437250     
   5.4749999999999792       0.28641499817216903       0.38049393362203637     
   5.4899999999999789       0.29207948409732210       0.37472837275393256     
   5.5049999999999786       0.29765701151118645       0.36890011763904151     
   5.5199999999999783       0.30314665154616843       0.36301071472496493     
   5.5349999999999779       0.30854749859239233       0.35706171841870710     
   5.5499999999999776       0.31385867041425075       0.35105469070708711     
   5.5649999999999773       0.31907930826125930       0.34499120077686923     
   5.5799999999999770       0.32420857697321109       0.33887282463469742     
   5.5949999999999767       0.32924566507962921       0.33270114472692103     
   5.6099999999999763       0.33418978489351614       0.32647774955939646     
   5.6249999999999760       0.33904017259940017       0.32020423331735187     
   5.6399999999999757       0.34379608833568098       0.31388219548539870     
   5.6549999999999754       0.34845681627127617       0.30751324046777628     
   5.6699999999999751       0.35302166467657414       0.30109897720891327     
   5.6849999999999747       0.35748996598869776       0.29464101881439031     
   5.6999999999999744       0.36186107687108571       0.28814098217238798     
   5.7149999999999741       0.36613437826739992       0.28160048757570288     
   5.7299999999999738       0.37030927544976733       0.27502115834441526     
   5.7449999999999735       0.37438519806136705       0.26840462044929020     
   5.7599999999999731       0.37836160015337439       0.26175250213599482     
   5.7749999999999728       0.38223796021627449       0.25506643355021247     
   5.7899999999999725       0.38601378120555974       0.24834804636373542     
   5.8049999999999722       0.38968859056182620       0.24159897340161601     
   5.8199999999999719       0.39326194022528532       0.23482084827045663     
   5.8349999999999715       0.39673340664470919       0.22801530498791744     
   5.8499999999999712       0.40010259078082760       0.22118397761352124     
   5.8649999999999709       0.40336911810419723       0.21432849988083286     
   5.8799999999999706       0.40653263858756389       0.20745050483109154     
   5.8949999999999703       0.40959282669274083       0.20055162444837266     
   5.9099999999999699       0.41254938135202585       0.19363348929635552     
   5.9249999999999696       0.41540202594418263       0.18669772815677263     
   5.9399999999999693       0.41815050826501110       0.17974596766961579     
   5.9549999999999690       0.42079460049253481       0.17277983197517313     
   5.9699999999999687       0.42333409914683273       0.16580094235797097     
   5.9849999999999683       0.42576882504454444       0.15881091689269325     
   5.9999999999999680       0.42809862324807973       0.15181137009215095     
   6.0149999999999677       0.43032336300956275       0.14480391255737307     
   6.0299999999999674       0.43244293770954412       0.13779015062988961     
   6.0449999999999671       0.43445726479051366       0.13077168604627709     
   6.0599999999999667       0.43636628568524882       0.12375011559503533     
   6.0749999999999664       0.43816996574003364       0.11672703077586433     
   6.0899999999999661       0.43986829413278528       0.10970401746140869     
   6.1049999999999658       0.44146128378612537       0.10268265556153658     
   6.1199999999999655       0.44294897127543481        9.5664518690219122E-002
   6.1349999999999651       0.44433141673193144        8.8651173835075550E-002
   6.1499999999999648       0.44560870374081113        8.1644181029648447E-002
   6.1649999999999645       0.44678093923449358        7.4645093028472484E-002
   6.1799999999999642       0.44784825338101536        6.7655454984999391E-002
   6.1949999999999639       0.44881079946761349        6.0676804132440927E-002
   6.2099999999999635       0.44966875377954380        5.3710669467590594E-002
   6.2249999999999632       0.45042231547417871        4.6758571437684207E-002
   6.2399999999999629       0.45107170645043143        3.9822021630358313E-002
   6.2549999999999626       0.45161717121355277        3.2902522466764589E-002
   6.2699999999999623       0.45205897673534834        2.6001566897897465E-002
   6.2849999999999620       0.45239741230986508        1.9120638104191248E-002
   6.2999999999999616       0.45263278940459639        1.2261209198442070E-002
   6.3149999999999613       0.45276544150725628        5.4247429321090182E-003
   6.3299999999999610       0.45279572396817341       -1.3873085949521139E-003
   6.3449999999999607       0.45272401383835698       -8.1735042212700212E-003
   6.3599999999999604       0.45255070970328737       -1.4932414007002591E-002
   6.3749999999999600       0.45227623151248464       -2.1662619513594619E-002
   6.3899999999999597       0.45190102040490937       -2.8362714079799095E-002
   6.4049999999999594       0.45142553853025030       -3.5031303094013547E-002
   6.4199999999999591       0.45085026886615498       -4.1667004262884035E-002
   6.4349999999999588       0.45017571503145920       -4.8268447876130327E-002
   6.4499999999999584       0.44940240109547269       -5.4834277067546830E-002
   6.4649999999999581       0.44853087138337877       -6.1363148072134915E-002
   6.4799999999999578       0.44756169027780562       -6.7853730479323290E-002
   6.4949999999999575       0.44649544201662922       -7.4304707482234084E-002
   6.5099999999999572       0.44533273048706679       -8.0714776122953427E-002
   6.5249999999999568       0.44407417901612112       -8.7082647533766266E-002
   6.5399999999999565       0.44272043015743723       -9.3407047174316332E-002
   6.5549999999999562       0.44127214547463156       -9.9686715064653167E-002
   6.5699999999999559       0.43973000532115702      -0.10592040601412914     
   6.5849999999999556       0.43809470861676558      -0.11210688984611057     
   6.5999999999999552       0.43636697262063145      -0.11824495161846814     
   6.6149999999999549       0.43454753270119884      -0.12433339183981261     
   6.6299999999999546       0.43263714210281828      -0.13037102668144343     
   6.6449999999999543       0.43063657170923553      -0.13635668818497843     
   6.6599999999999540       0.42854660980399872      -0.14228922446563402     
   6.6749999999999536       0.42636806182784937      -0.14816749991112677     
   6.6899999999999533       0.42410175013316181      -0.15399039537616763     
   6.7049999999999530       0.42174851373549926      -0.15975680837252196     
   6.7199999999999527       0.41930920806235167      -0.16546565325460888     
   6.7349999999999524       0.41678470469912332      -0.17111586140061516     
   6.7499999999999520       0.41417589113243730      -0.17670638138909955     
   6.7649999999999517       0.41148367049082502      -0.18223617917106491     
   6.7799999999999514       0.40870896128286799      -0.18770423823747612     
   6.7949999999999511       0.40585269713286193      -0.19310955978220357     
   6.8099999999999508       0.40291582651407026      -0.19845116286037229     
   6.8249999999999504       0.39989931247963728      -0.20372808454209870     
   6.8399999999999501       0.39680413239122958      -0.20893938006159735     
   6.8549999999999498       0.39363127764547584      -0.21408412296164164     
   6.8699999999999495       0.39038175339827441      -0.21916140523336361     
   6.8849999999999492       0.38705657828703888      -0.22417033745137835     
   6.8999999999999488       0.38365678415095172      -0.22911004890422060     
   6.9149999999999485       0.38018341574929687      -0.23397968772008162     
   6.9299999999999482       0.37663753047794102      -0.23877842098783561     
   6.9449999999999479       0.37302019808403497      -0.24350543487334605     
   6.9599999999999476       0.36933250037900611      -0.24815993473104381     
   6.9749999999999472       0.36557553094991213      -0.25274114521076929     
   6.9899999999999469       0.36175039486922778      -0.25724831035987245     
   7.0049999999999466       0.35785820840313576      -0.26168069372056563     
   7.0199999999999463       0.35390009871839279      -0.26603757842252496     
   7.0349999999999460       0.34987720358784224      -0.27031826727073727     
   7.0499999999999456       0.34579067109464451      -0.27452208282859064     
   7.0649999999999453       0.34164165933529705      -0.27864836749620797     
   7.0799999999999450       0.33743133612151455      -0.28269648358402327     
   7.0949999999999447       0.33316087868104133      -0.28666581338160235     
   7.1099999999999444       0.32883147335746704      -0.29055575922171017     
   7.1249999999999440       0.32444431530911677      -0.29436574353962813     
   7.1399999999999437       0.32000060820708714      -0.29809520892772606     
   7.1549999999999434       0.31550156393249906      -0.30174361818529399     
   7.1699999999999431       0.31094840227303872      -0.30531045436364068     
   7.1849999999999428       0.30634235061885734      -0.30879522080646626     
   7.1999999999999424       0.30168464365790093      -0.31219744118551768     
   7.2149999999999421       0.29697652307074002      -0.31551665953153679     
   7.2299999999999418       0.29221923722497084      -0.31875244026051136     
   7.2449999999999415       0.28741404086925765      -0.32190436819524115     
   7.2599999999999412       0.28256219482708678      -0.32497204858223155     
   7.2749999999999408       0.27766496569030163      -0.32795510710392861     
   7.2899999999999405       0.27272362551248985      -0.33085318988630980     
   7.3049999999999402       0.26773945150229062      -0.33366596350184696     
   7.3199999999999399       0.26271372571669238      -0.33639311496785740     
   7.3349999999999396       0.25764773475438985      -0.33903435174026103     
   7.3499999999999392       0.25254276944926879      -0.34158940170276247     
   7.3649999999999389       0.24740012456408719      -0.34405801315147727     
   7.3799999999999386       0.24222109848442147      -0.34643995477502304     
   7.3949999999999383       0.23700699291294469      -0.34873501563009696     
   7.4099999999999380       0.23175911256410511      -0.35094300511256199     
   7.4249999999999376       0.22647876485927201      -0.35306375292406522     
   7.4399999999999373       0.22116725962241535      -0.35509710903421265     
   7.4549999999999370       0.21582590877638624      -0.35704294363832539     
   7.4699999999999367       0.21045602603986385      -0.35890114711080356     
   7.4849999999999364       0.20505892662503480      -0.36067162995412477     
   7.4999999999999361       0.19963592693607007      -0.36235432274350510     
   7.5149999999999357       0.19418834426846435      -0.36394917606725097     
   7.5299999999999354       0.18871749650930228      -0.36545616046283202     
   7.5449999999999351       0.18322470183851552      -0.36687526634870504     
   7.5599999999999348       0.17771127843119416      -0.36820650395192023     
   7.5749999999999345       0.17217854416101550      -0.36944990323154209     
   7.5899999999999341       0.16662781630485263      -0.37060551379791784     
   7.6049999999999338       0.16106041124862513      -0.37167340482782674     
   7.6199999999999335       0.15547764419445304      -0.37265366497554547     
   7.6349999999999332       0.14988082886917542      -0.37354640227986441     
   7.6499999999999329       0.14427127723429381      -0.37435174406709093     
   7.6649999999999325       0.13865029919740049      -0.37506983685007705     
   7.6799999999999322       0.13301920232515105      -0.37570084622330840     
   7.6949999999999319       0.12737929155783986      -0.37624495675409342     
   7.7099999999999316       0.12173186892563692      -0.37670237186989164     
   7.7249999999999313       0.11607823326654326      -0.37707331374182090     
   7.7399999999999309       0.11041967994612246      -0.37735802316438405     
   7.7549999999999306       0.10475750057906426      -0.37755675943145650     
   7.7699999999999303        9.9092982752636269E-002 -0.37766980020857627     
   7.7849999999999300        9.3427409752078819E-002 -0.37769744140157946     
   7.7999999999999297        8.7762060287997448E-002 -0.37763999702162410     
   7.8149999999999293        8.2098208225806921E-002 -0.37749779904664654     
   7.8299999999999290        7.6437122317280004E-002 -0.37727119727929476     
   7.8449999999999287        7.0780065934253358E-002 -0.37696055920138388     
   7.8599999999999284        6.5128296804542546E-002 -0.37656626982491964     
   7.8749999999999281        5.9483066750117067E-002 -0.37608873153973615     
   7.8899999999999277        5.3845621427586192E-002 -0.37552836395779493     
   7.9049999999999274        4.8217200071044977E-002 -0.37488560375419294     
   7.9199999999999271        4.2599035237329677E-002 -0.37416090450492751     
   7.9349999999999268        3.6992352553730762E-002 -0.37335473652146700     
   7.9499999999999265        3.1398370468211131E-002 -0.37246758668217606     
   7.9649999999999261        2.5818300002176255E-002 -0.37149995826064580     
   7.9799999999999258        2.0253344505842406E-002 -0.37045237075097853     
   7.9949999999999255        1.4704699416248190E-002 -0.36932535969007807     
   8.0099999999999252        9.1735520179539749E-003 -0.36811947647699678     
   8.0249999999999257        3.6610812064729191E-003 -0.36683528818939126     
   8.0399999999999263       -1.8315427455233510E-003 -0.36547337739713814     
   8.0549999999999269       -7.3031584191822572E-003 -0.36403434197316359     
   8.0699999999999275       -1.2752613477589558E-002 -0.36251879490153843     
   8.0849999999999280       -1.8178764890989799E-002 -0.36092736408289333     
   8.0999999999999286       -2.3580479159068132E-002 -0.35926069213720707     
   8.1149999999999292       -2.8956632530254486E-002 -0.35751943620402260     
   8.1299999999999297       -3.4306111218011935E-002 -0.35570426774014552     
   8.1449999999999303       -3.9627811614071903E-002 -0.35381587231487932     
   8.1599999999999309       -4.4920640498579655E-002 -0.35185494940285361     
   8.1749999999999314       -5.0183515247114410E-002 -0.34982221217450021     
   8.1899999999999320       -5.5415364034549205E-002 -0.34771838728423338     
   8.2049999999999326       -6.0615126035716449E-002 -0.34554421465639051     
   8.2199999999999331       -6.5781751622846080E-002 -0.34330044726898984     
   8.2349999999999337       -7.0914202559743914E-002 -0.34098785093536171     
   8.2499999999999343       -7.6011452192678811E-002 -0.33860720408371092     
   8.2649999999999348       -8.1072485637947944E-002 -0.33615929753466728     
   8.2799999999999354       -8.6096299966090514E-002 -0.33364493427688197     
   8.2949999999999360       -9.1081904382721027E-002 -0.33106492924072756     
   8.3099999999999365       -9.6028320405953979E-002 -0.32842010907015978     
   8.3249999999999371      -0.10093458204039311      -0.32571131189279906     
   8.3399999999999377      -0.10579973594765858      -0.32293938708829067     
   8.3549999999999383      -0.11062284161342698      -0.32010519505500146     
   8.3699999999999388      -0.11540297151095956      -0.31720960697511230     
   8.3849999999999394      -0.12013921126109509      -0.31425350457816520     
   8.3999999999999400      -0.12483065978868442      -0.31123777990312373     
   8.4149999999999405      -0.12947642947544527      -0.30816333505900606     
   8.4299999999999411      -0.13407564630921584      -0.30503108198414985     
   8.4449999999999417      -0.13862745002958748      -0.30184194220416827     
   8.4599999999999422      -0.14313099426989717      -0.29859684658865648     
   8.4749999999999428      -0.14758544669556134      -0.29529673510670806     
   8.4899999999999434      -0.15198998913873382      -0.29194255658130069     
   8.5049999999999439      -0.15634381772927136      -0.28853526844261079     
   8.5199999999999445      -0.16064614302199104      -0.28507583648031654     
   8.5349999999999451      -0.16489619012020479      -0.28156523459494887     
   8.5499999999999456      -0.16909319879551751      -0.27800444454834988     
   8.5649999999999462      -0.17323642360387534      -0.27439445571329812     
   8.5799999999999468      -0.17732513399785244      -0.27073626482236030     
   8.5949999999999473      -0.18135861443516493      -0.26703087571602879     
   8.6099999999999479      -0.18533616448340190      -0.26327929909020442     
   8.6249999999999485      -0.18925709892096368      -0.25948255224308342     
   8.6399999999999491      -0.19312074783419947      -0.25564165882150813     
   8.6549999999999496      -0.19692645671073639      -0.25175764856684046     
   8.6699999999999502      -0.20067358652899309      -0.24783155706041685     
   8.6849999999999508      -0.20436151384387249      -0.24386442546864379     
   8.6999999999999513      -0.20798963086862843      -0.23985730028779262     
   8.7149999999999519      -0.21155734555290201      -0.23581123308855192     
   8.7299999999999525      -0.21506408165692498      -0.23172728026039616     
   8.7449999999999530      -0.21850927882188720      -0.22760650275582858     
   8.7599999999999536      -0.22189239263646715      -0.22344996583455656     
   8.7749999999999542      -0.22521289469952480      -0.21925873880765703     
   8.7899999999999547      -0.22847027267895700      -0.21503389478178969     
   8.8049999999999553      -0.23166403036671671      -0.21077651040351542     
   8.8199999999999559      -0.23479368772999809      -0.20648766560377688     
   8.8349999999999564      -0.23785878095859003      -0.20216844334259831     
   8.8499999999999570      -0.24085886250840216      -0.19781992935406112     
   8.8649999999999576      -0.24379350114116780      -0.19344321189161162     
   8.8799999999999581      -0.24666228196032913      -0.18903938147375685     
   8.8949999999999587      -0.24946480644311100      -0.18460953063020447     
   8.9099999999999593      -0.25220069246879023      -0.18015475364850195     
   8.9249999999999599      -0.25486957434316865      -0.17567614632123038     
   8.9399999999999604      -0.25747110281925822      -0.17117480569380755     
   8.9549999999999610      -0.26000494511418804      -0.16665182981295493     
   8.9699999999999616      -0.26247078492234349      -0.16210831747588236     
   8.9849999999999621      -0.26486832242474900      -0.15754536798024460     
   8.9999999999999627      -0.26719727429470547      -0.15296408087492278     
   9.0149999999999633      -0.26945737369969652      -0.14836555571168381     
   9.0299999999999638      -0.27164837029957617      -0.14375089179777045     
   9.0449999999999644      -0.27377003024105223      -0.13912118794947409     
   9.0599999999999650      -0.27582213614848117      -0.13447754224674208     
   9.0749999999999655      -0.27780448711098993      -0.12982105178887077     
   9.0899999999999661      -0.27971689866594140      -0.12515281245133553     
   9.1049999999999667      -0.28155920277876129      -0.12047391864380774     
   9.1199999999999672      -0.28333124781914393      -0.11578546306940918     
   9.1349999999999678      -0.28503289853365660      -0.11108853648525290     
   9.1499999999999684      -0.28666403601476170      -0.10638422746432005     
   9.1649999999999689      -0.28822455766627741      -0.10167362215872106     
   9.1799999999999695      -0.28971437716529752       -9.6957804064389044E-002
   9.1949999999999701      -0.29113342442059298       -9.2237853787253410E-002
   9.2099999999999707      -0.29248164552751671       -8.7514848810940390E-002
   9.2249999999999712      -0.29375900271943617       -8.2789863266047217E-002
   9.2399999999999718      -0.29496547431571657       -7.8063967701035894E-002
   9.2549999999999724      -0.29610105466628001       -7.3338228854792034E-002
   9.2699999999999729      -0.29716575409276536       -6.8613709430893718E-002
   9.2849999999999735      -0.29815959882631560       -6.3891467873634755E-002
   9.2999999999999741      -0.29908263094201820       -5.9172558145846120E-002
   9.3149999999999746      -0.29993490829002706       -5.4458029508558860E-002
   9.3299999999999752      -0.30071650442339293       -4.9748926302551115E-002
   9.3449999999999758      -0.30142750852263128       -4.5046287731821365E-002
   9.3599999999999763      -0.30206802531705734       -4.0351147649029369E-002
   9.3749999999999769      -0.30263817500291695       -3.5664534342945704E-002
   9.3899999999999775      -0.30313809315834495       -3.0987470327950194E-002
   9.4049999999999780      -0.30356793065518095       -2.6320972135618938E-002
   9.4199999999999786      -0.30392785356767521       -2.1666050108438945E-002
   9.4349999999999792      -0.30421804307811612       -1.7023708195688863E-002
   9.4499999999999797      -0.30443869537941215       -1.2394943751523568E-002
   9.4649999999999803      -0.30459002157466181       -7.7807473352997994E-003
   9.4799999999999809      -0.30467224757374534       -3.1821025141793727E-003
   9.4949999999999815      -0.30468561398697280        1.4000143319541861E-003
   9.5099999999999820      -0.30463037601582305        5.9646342032303266E-003
   9.5249999999999826      -0.30450680334080976        1.0510795670142958E-002
   9.5399999999999832      -0.30431518000651003        1.5037545061484820E-002
   9.5549999999999837      -0.30405580430379192        1.9543936649831516E-002
   9.5699999999999843      -0.30372898864927855        2.4029032834542677E-002
   9.5849999999999849      -0.30333505946208583        2.8491904322248372E-002
   9.5999999999999854      -0.30287435703787169        3.2931630304789621E-002
   9.6149999999999860      -0.30234723542023539        3.7347298634582464E-002
   9.6299999999999866      -0.30175406226950596        4.1738005997375843E-002
   9.6449999999999871      -0.30109521872895867        4.6102858082374167E-002
   9.6599999999999877      -0.30037109928849959        5.0440969749696203E-002
   9.6749999999999883      -0.29958211164585841        5.4751465195142526E-002
   9.6899999999999888      -0.29872867656532970        5.9033478112244651E-002
   9.7049999999999894      -0.29781122773410434        6.3286151851569494E-002
   9.7199999999999900      -0.29683021161623158        6.7508639577253629E-002
   9.7349999999999905      -0.29578608730425404        7.1700104420742566E-002
   9.7499999999999911      -0.29467932636855798        7.5859719631710870E-002
   9.7649999999999917      -0.29351041270448053        7.9986668726139742E-002
   9.7799999999999923      -0.29227984237721710        8.4080145631529449E-002
   9.7949999999999928      -0.29098812346457259        8.8139354829224636E-002
   9.8099999999999934      -0.28963577589759903        9.2163511493831327E-002
   9.8249999999999940      -0.28822333129916383        9.6151841629705179E-002
   9.8399999999999945      -0.28675133282049292       0.10010358220449121     
   9.8549999999999951      -0.28522033497573274       0.10401798127969607     
   9.8699999999999957      -0.28363090347457603       0.10789429813827453     
   9.8849999999999962      -0.28198361505299618       0.11173180340921279     
   9.8999999999999968      -0.28027905730213543       0.11552977918909173     
   9.9149999999999974      -0.27851782849539225       0.11928751916061409     
   9.9299999999999979      -0.27670053741375367       0.12300432870808038     
   9.9449999999999985      -0.27482780316941835       0.12667952502979887     
   9.9599999999999991      -0.27290025502775628       0.13031243724741592     
   9.9749999999999996      -0.27091853222765200       0.13390240651215368     
   9.9900000000000002      -0.26888328380027721       0.13744878610794259     
   10.005000000000001      -0.26679516838633982       0.14095094155143742     
   10.020000000000001      -0.26465485405185596       0.14440825068890600     
   10.035000000000002      -0.26246301810249217       0.14782010378998023     
   10.050000000000002      -0.26022034689652507       0.15118590363826043     
   10.065000000000003      -0.25792753565646515       0.15450506561876437     
   10.080000000000004      -0.25558528827939286       0.15777701780221293     
   10.095000000000004      -0.25319431714605395       0.16100120102614549     
   10.110000000000005      -0.25075534292876173       0.16417706897285855     
   10.125000000000005      -0.24826909439815420       0.16730408824416221     
   10.140000000000006      -0.24573630822885384       0.17038173843294915     
   10.155000000000006      -0.24315772880407729       0.17340951219157258     
   10.170000000000007      -0.24053410801924363       0.17638691529702910     
   10.185000000000008      -0.23786620508462875       0.17931346671294429     
   10.200000000000008      -0.23515478632711387       0.18218869864835882     
   10.215000000000009      -0.23240062499107617       0.18501215661331391     
   10.230000000000009      -0.22960450103846972       0.18778339947123557     
   10.245000000000010      -0.22676720094814448       0.19050199948811805     
   10.260000000000010      -0.22388951751445163       0.19316754237850708     
   10.275000000000011      -0.22097224964518306       0.19577962734828494     
   10.290000000000012      -0.21801620215889289       0.19833786713425944     
   10.305000000000012      -0.21502218558164929       0.20084188804056002     
   10.320000000000013      -0.21199101594326411       0.20329132997184476     
   10.335000000000013      -0.20892351457304828       0.20568584646332269     
   10.350000000000014      -0.20582050789514075       0.20802510470759664     
   10.365000000000014      -0.20268282722345851       0.21030878557833263     
   10.380000000000015      -0.19951130855631530       0.21253658365076220     
   10.395000000000016      -0.19630679237075643       0.21470820721902487     
   10.410000000000016      -0.19307012341665739       0.21682337831035914     
   10.425000000000017      -0.18980215051063262       0.21888183269614997     
   10.440000000000017      -0.18650372632980253       0.22088331989984267     
   10.455000000000018      -0.18317570720546497       0.22282760320173275     
   10.470000000000018      -0.17981895291671843       0.22471445964064263     
   10.485000000000019      -0.17643432648408305       0.22654368001249622     
   10.500000000000020      -0.17302269396316650       0.22831506886580374     
   10.515000000000020      -0.16958492423842045       0.23002844449406890     
   10.530000000000021      -0.16612188881703399       0.23168363892513205     
   10.545000000000021      -0.16263446162300985       0.23328049790746314     
   10.560000000000022      -0.15912351879146894       0.23481888089341874     
   10.575000000000022      -0.15558993846322874       0.23629866101947863     
   10.590000000000023      -0.15203460057970061       0.23771972508347755     
   10.605000000000024      -0.14845838667815120       0.23908197351884841     
   10.620000000000024      -0.14486217968737239       0.24038532036589416     
   10.635000000000025      -0.14124686372380446       0.24162969324010589     
   10.650000000000025      -0.13761332388815631       0.24281503329754520     
   10.665000000000026      -0.13396244606256721       0.24394129519730984     
   10.680000000000026      -0.13029511670835295       0.24500844706110184     
   10.695000000000027      -0.12661222266438033       0.24601647042991820     
   10.710000000000027      -0.12291465094611265       0.24696536021788471     
   10.725000000000028      -0.11920328854536906       0.24785512466325374     
   10.740000000000029      -0.11547902223084006       0.24868578527658811     
   10.755000000000029      -0.11174273834940117       0.24945737678615271     
   10.770000000000030      -0.10799532262826668       0.25016994708053714     
   10.785000000000030      -0.10423765997802457       0.25082355714853233     
   10.800000000000031      -0.10047063429659386       0.25141828101628499     
   10.815000000000031       -9.6695128274144809E-002  0.25195420568175447     
   10.830000000000032       -9.2912023199022448E-002  0.25243143104649662     
   10.845000000000033       -8.9122198764713292E-002  0.25285006984480030     
   10.860000000000033       -8.5326532877894642E-002  0.25321024757020183     
   10.875000000000034       -8.1525901467605771E-002  0.25351210239940480     
   10.890000000000034       -7.7721178295579577E-002  0.25375578511363095     
   10.905000000000035       -7.3913234767773187E-002  0.25394145901742998     
   10.920000000000035       -7.0102939747135232E-002  0.25406929985497645     
   10.935000000000036       -6.6291159367647456E-002  0.25413949572388117     
   10.950000000000037       -6.2478756849677609E-002  0.25415224698654654     
   10.965000000000037       -5.8666592316680317E-002  0.25410776617909470     
   10.980000000000038       -5.4855522613282054E-002  0.25400627791789782     
   10.995000000000038       -5.1046401124786034E-002  0.25384801880374119     
   11.010000000000039       -4.7240077598132237E-002  0.25363323732364906     
   11.025000000000039       -4.3437397964347438E-002  0.25336219375040397     
   11.040000000000040       -3.9639204162519613E-002  0.25303516003979148     
   11.055000000000041       -3.5846333965330573E-002  0.25265241972560115     
   11.070000000000041       -3.2059620806180245E-002  0.25221426781241646     
   11.085000000000042       -2.8279893607935529E-002  0.25172101066622576     
   11.100000000000042       -2.4507976613336240E-002  0.25117296590288696     
   11.115000000000043       -2.0744689217089954E-002  0.25057046227447932     
   11.130000000000043       -1.6990845799687310E-002  0.24991383955357585     
   11.145000000000044       -1.3247255562968652E-002  0.24920344841546987     
   11.160000000000045       -9.5147223674724550E-003  0.24843965031839016     
   11.175000000000045       -5.7940445715954662E-003  0.24762281738173922     
   11.190000000000046       -2.0860148725939352E-003  0.24675333226238913     
   11.205000000000046        1.6085798505451887E-003  0.24583158802907054     
   11.220000000000047        5.2889586923347423E-003  0.24485798803488992     
   11.235000000000047        8.9543468740917228E-003  0.24383294578801087     
   11.250000000000048        1.2603975895288262E-002  0.24275688482053548     
   11.265000000000049        1.6237083682922496E-002  0.24163023855562188     
   11.280000000000049        1.9852914738883117E-002  0.24045345017287476     
   11.295000000000050        2.3450720285282004E-002  0.23922697247204525     
   11.310000000000050        2.7029758407729813E-002  0.23795126773507749     
   11.325000000000051        3.0589294196530056E-002  0.23662680758653901     
   11.340000000000051        3.4128599885767663E-002  0.23525407285247224     
   11.355000000000052        3.7646954990268620E-002  0.23383355341770520     
   11.370000000000053        4.1143646440407917E-002  0.23236574808165875     
   11.385000000000053        4.4617968714743460E-002  0.23085116441268888     
   11.400000000000054        4.8069223970454281E-002  0.22929031860100232     
   11.415000000000054        5.1496722171561982E-002  0.22768373531018343     
   11.430000000000055        5.4899781214914831E-002  0.22603194752737166     
   11.445000000000055        5.8277727053914520E-002  0.22433549641212780     
   11.460000000000056        6.1629893819966280E-002  0.22259493114402820     
   11.475000000000056        6.4955623941633539E-002  0.22081080876902609     
   11.490000000000057        6.8254268261478859E-002  0.21898369404461890     
   11.505000000000058        7.1525186150573711E-002  0.21711415928386119     
   11.520000000000058        7.4767745620659826E-002  0.21520278419826244     
   11.535000000000059        7.7981323433945857E-002  0.21325015573960943     
   11.550000000000059        8.1165305210523495E-002  0.21125686794075238     
   11.565000000000060        8.4319085533387753E-002  0.20922352175539521     
   11.580000000000060        8.7442068051046803E-002  0.20715072489692923     
   11.595000000000061        9.0533665577707270E-002  0.20503909167635009     
   11.610000000000062        9.3593300191021633E-002  0.20288924283929832     
   11.625000000000062        9.6620403327384766E-002  0.20070180540226290     
   11.640000000000063        9.9614415874767437E-002  0.19847741248798828     
   11.655000000000063       0.10257478826307512       0.19621670316012452     
   11.670000000000064       0.10550098055202101       0.19392032225716083     
   11.685000000000064       0.10839246251650284       0.19158892022568255     
   11.700000000000065       0.11124871372947362       0.18922315295299141     
   11.715000000000066       0.11406922364229712       0.18682368159912940     
   11.730000000000066       0.11685349166257933       0.18439117242834610     
   11.745000000000067       0.11960102722946793       0.18192629664004945     
   11.760000000000067       0.12231134988641236       0.17942973019928016     
   11.775000000000068       0.12498398935137747       0.17690215366674944     
   11.790000000000068       0.12761848558450481       0.17434425202848000     
   11.805000000000069       0.13021438885321546       0.17175671452509031     
   11.820000000000070       0.13277125979474980       0.16914023448076149     
   11.835000000000070       0.13528866947613954       0.16649550913192696     
   11.850000000000071       0.13776619945160806       0.16382323945572413     
   11.865000000000071       0.14020344181739591       0.16112412999824763     
   11.880000000000072       0.14259999926400896       0.15839888870264365     
   11.895000000000072       0.14495548512588666       0.15564822673708453     
   11.910000000000073       0.14726952342848926       0.15287285832266265     
   11.925000000000074       0.14954174893280317       0.15007350056124297     
   11.940000000000074       0.15177180717726360       0.14725087326331279     
   11.955000000000075       0.15395935451709530       0.14440569877586767     
   11.970000000000075       0.15610405816107209       0.14153870181037193     
   11.985000000000076       0.15820559620569613       0.13865060927083228     
   12.000000000000076       0.16026365766679976       0.13574215008202295     
   12.015000000000077       0.16227794250857153       0.13281405501790008     
   12.030000000000078       0.16424816167001044       0.12986705653024361     
   12.045000000000078       0.16617403708881132       0.12690188857756404     
   12.060000000000079       0.16805530172268604       0.12391928645431195     
   12.075000000000079       0.16989169956812539       0.12091998662042720     
   12.090000000000080       0.17168298567660667       0.11790472653126512     
   12.105000000000080       0.17342892616825334       0.11487424446793643     
   12.120000000000081       0.17512929824295279       0.11182927936809761     
   12.135000000000081       0.17678389018893970       0.10877057065722805     
   12.150000000000082       0.17839250138885213       0.10569885808043000     
   12.165000000000083       0.17995494232326881       0.10261488153478748     
   12.180000000000083       0.18147103457173608        9.9519380902319488E-002
   12.195000000000084       0.18294061081129367        9.6413095883563060E-002
   12.210000000000084       0.18436351481250912        9.3296765831821171E-002
   12.225000000000085       0.18573960143303100        9.0171129588110285E-002
   12.240000000000085       0.18706873660867179        8.7036925316842095E-002
   12.255000000000086       0.18835079734203139        8.3894890342273667E-002
   12.270000000000087       0.18958567168867363        8.0745760985759849E-002
   12.285000000000087       0.19077325874086734        7.7590272403841698E-002
   12.300000000000088       0.19191346860890526        7.4429158427204004E-002
   12.315000000000088       0.19300622240001405        7.1263151400535088E-002
   12.330000000000089       0.19405145219486894        6.8092982023321452E-002
   12.345000000000089       0.19504910102172743        6.4919379191609519E-002
   12.360000000000090       0.19599912282819687        6.1743069840766551E-002
   12.375000000000091       0.19690148245065092        5.8564778789272319E-002
   12.390000000000091       0.19775615558131085        5.5385228583572838E-002
   12.405000000000092       0.19856312873300763        5.2205139344027054E-002
   12.420000000000092       0.19932239920164152        4.9025228611977084E-002
   12.435000000000093       0.20003397502635628        4.5846211197972185E-002
   12.450000000000093       0.20069787494744545        4.2668799031176277E-002
   12.465000000000094       0.20131412836200877        3.9493701009988461E-002
   12.480000000000095       0.20188277527737697        3.6321622853905611E-002
   12.495000000000095       0.20240386626232409        3.3153266956655707E-002
   12.510000000000096       0.20287746239608626        2.9989332240630169E-002
   12.525000000000096       0.20330363521520689        2.6830514012643109E-002
   12.540000000000097       0.20368246665822823        2.3677503821044932E-002
   12.555000000000097       0.20401404900824990        2.0530989314217429E-002
   12.570000000000098       0.20429848483337529        1.7391654100476925E-002
   12.585000000000099       0.20453588692506711        1.4260177609411819E-002
   12.600000000000099       0.20472637823443396        1.1137234954680266E-002
   12.615000000000100       0.20487009180646967        8.0234967982934381E-003
   12.630000000000100       0.20496717071226839        4.9196292164093028E-003
   12.645000000000101       0.20501776797923771        1.8262935666614722E-003
   12.660000000000101       0.20502204651933340       -1.2558536429527916E-003
   12.675000000000102       0.20498017905533938       -4.3261608836017646E-003
   12.690000000000103       0.20489234804521647       -7.3839817335424269E-003
   12.705000000000103       0.20475874560454452       -1.0428675004414851E-002
   12.720000000000104       0.20457957342708227       -1.3459604865885495E-002
   12.735000000000104       0.20435504270347030       -1.6476140968617568E-002
   12.750000000000105       0.20408537403810165       -1.9477658565547042E-002
   12.765000000000105       0.20377079736418630       -2.2463538631443399E-002
   12.780000000000106       0.20341155185703519       -2.5433167980734646E-002
   12.795000000000107       0.20300788584558971       -2.8385939383576579E-002
   12.810000000000107       0.20256005672222360       -3.1321251680146767E-002
   12.825000000000108       0.20206833085084366       -3.4238509893144219E-002
   12.840000000000108       0.20153298347331652       -3.7137125338476129E-002
   12.855000000000109       0.20095429861424877       -4.0016515734113585E-002
   12.870000000000109       0.20033256898414800       -4.2876105307098636E-002
   12.885000000000110       0.19966809588099255       -4.5715324898685572E-002
   12.900000000000110       0.19896118909023844       -4.8533612067599735E-002
   12.915000000000111       0.19821216678329120       -5.1330411191397710E-002
   12.930000000000112       0.19742135541447189       -5.4105173565913191E-002
   12.945000000000112       0.19658908961650559       -5.6857357502773348E-002
   12.960000000000113       0.19571571209456190       -5.9586428424970951E-002
   12.975000000000113       0.19480157351887614       -6.2291858960478091E-002
   12.990000000000114       0.19384703241598136       -6.4973129033887730E-002
   13.005000000000114       0.19285245505858034       -6.7629725956069864E-002
   13.020000000000115       0.19181821535408772       -7.0261144511829618E-002
   13.035000000000116       0.19074469473187233       -7.2866887045554954E-002
   13.050000000000116       0.18963228202922983       -7.5446463544842385E-002
   13.065000000000117       0.18848137337611609       -7.7999391722089320E-002
   13.080000000000117       0.18729237207867214       -8.0525197094042392E-002
   13.095000000000118       0.18606568850157090       -8.3023413059291562E-002
   13.110000000000118       0.18480173994921739       -8.5493580973700134E-002
   13.125000000000119       0.18350095054583249       -8.7935250223761627E-002
   13.140000000000120       0.18216375111445218       -9.0347978297874651E-002
   13.155000000000120       0.18079057905487333       -9.2731330855527566E-002
   13.170000000000121       0.17938187822057705       -9.5084881794385220E-002
   13.185000000000121       0.17793809879466194       -9.7408213315270567E-002
   13.200000000000122       0.17645969716481799       -9.9700915985034402E-002
   13.215000000000122       0.17494713579737350      -0.10196258879730696     
   13.230000000000123       0.17340088311044663      -0.10419283923112571     
   13.245000000000124       0.17182141334623319      -0.10639128330743408     
   13.260000000000124       0.17020920644246326      -0.10855754564344643     
   13.275000000000125       0.16856474790305800      -0.11069125950487491     
   13.290000000000125       0.16688852866801937      -0.11279206685601470     
   13.305000000000126       0.16518104498258435      -0.11485961840768417     
   13.320000000000126       0.16344279826567626      -0.11689357366301731     
   13.335000000000127       0.16167429497768540      -0.11889360096110621     
   13.350000000000128       0.15987604648761083      -0.12085937751849178     
   13.365000000000128       0.15804856893959632      -0.12279058946850149     
   13.380000000000129       0.15619238311889189      -0.12468693189843327     
   13.395000000000129       0.15430801431727414      -0.12654810888458540     
   13.410000000000130       0.15239599219795705      -0.12837383352513243     
   13.425000000000130       0.15045685066002568      -0.13016382797084805     
   13.440000000000131       0.14849112770242540      -0.13191782345367575     
   13.455000000000132       0.14649936528753837      -0.13363556031314919     
   13.470000000000132       0.14448210920438009      -0.13531678802066427     
   13.485000000000133       0.14243990893144773      -0.13696126520160548     
   13.500000000000133       0.14037331749925266      -0.13856875965532972     
   13.515000000000134       0.13828289135256935      -0.14013904837301089     
   13.530000000000134       0.13616919021243251      -0.14167191755334962     
   13.545000000000135       0.13403277693791457      -0.14316716261615217     
   13.560000000000136       0.13187421738771535      -0.14462458821378382     
   13.575000000000136       0.12969408028159599      -0.14604400824050195     
   13.590000000000137       0.12749293706168854      -0.14742524583967470     
   13.605000000000137       0.12527136175371320      -0.14876813340889145     
   13.620000000000138       0.12302993082813467      -0.15007251260297197     
   13.635000000000138       0.12076922306128887      -0.15133823433488150     
   13.650000000000139       0.11848981939651193      -0.15256515877455920     
   13.665000000000139       0.11619230280530198      -0.15375315534566822     
   13.680000000000140       0.11387725814854546      -0.15490210272027582     
   13.695000000000141       0.11154527203783862      -0.15601188881147268     
   13.710000000000141       0.10919693269693509      -0.15708241076394047     
   13.725000000000142       0.10683282982335031      -0.15811357494247782     
   13.740000000000142       0.10445355445015328      -0.15910529691849482     
   13.755000000000143       0.10205969880797605      -0.16005750145448644     
   13.770000000000143        9.9651856187271265E-002 -0.16097012248649648     
   13.785000000000144        9.7230620800847684E-002 -0.16184310310458300     
   13.800000000000145        9.4796587646713670E-002 -0.16267639553129751     
   13.815000000000145        9.2350352371258271E-002 -0.16346996109818993     
   13.830000000000146        8.9892511132799544E-002 -0.16422377022035214     
   13.845000000000146        8.7423660465529268E-002 -0.16493780236901329     
   13.860000000000147        8.4944397143883327E-002 -0.16561204604220009     
   13.875000000000147        8.2455318047366583E-002 -0.16624649873347622     
   13.890000000000148        7.9957020025860984E-002 -0.16684116689877490     
   13.905000000000149        7.7450099765445479E-002 -0.16739606592133929     
   13.920000000000149        7.4935153654755823E-002 -0.16791122007478579     
   13.935000000000150        7.2412777651912480E-002 -0.16838666248430537     
   13.950000000000150        6.9883567152044426E-002 -0.16882243508601891     
   13.965000000000151        6.7348116855436332E-002 -0.16921858858450245     
   13.980000000000151        6.4807020636326498E-002 -0.16957518240849878     
   13.995000000000152        6.2260871412382665E-002 -0.16989228466483222     
   14.010000000000153        5.9710261014882485E-002 -0.17016997209054360     
   14.025000000000153        5.7155780059625197E-002 -0.17040833000326286     
   14.040000000000154        5.4598017818600887E-002 -0.17060745224983731     
   14.055000000000154        5.2037562092443257E-002 -0.17076744115323325     
   14.070000000000155        4.9474999083691795E-002 -0.17088840745772965     
   14.085000000000155        4.6910913270888685E-002 -0.17097047027242251     
   14.100000000000156        4.4345887283535786E-002 -0.17101375701305913     
   14.115000000000157        4.1780501777936491E-002 -0.17101840334222121     
   14.130000000000157        3.9215335313947150E-002 -0.17098455310787700     
   14.145000000000158        3.6650964232662335E-002 -0.17091235828032203     
   14.160000000000158        3.4087962535057963E-002 -0.17080197888752874     
   14.175000000000159        3.1526901761616044E-002 -0.17065358294892555     
   14.190000000000159        2.8968350872954417E-002 -0.17046734640762634     
   14.205000000000160        2.6412876131484530E-002 -0.17024345306113103     
   14.220000000000161        2.3861040984120119E-002 -0.16998209449051882     
   14.235000000000161        2.1313405946059169E-002 -0.16968346998815573     
   14.250000000000162        1.8770528485661318E-002 -0.16934778648393806     
   14.265000000000162        1.6232962910442471E-002 -0.16897525847009406     
   14.280000000000163        1.3701260254208108E-002 -0.16856610792456608     
   14.295000000000163        1.1175968165346398E-002 -0.16812056423299562     
   14.310000000000164        8.6576307963019163E-003 -0.16763886410933426     
   14.325000000000164        6.1467886942503935E-003 -0.16712125151510340     
   14.340000000000165        3.6439786929946018E-003 -0.16656797757732611     
   14.355000000000166        1.1497338061011106E-003 -0.16597930050515436     
   14.370000000000166       -1.3354168787026838E-003 -0.16535548550521550     
   14.385000000000167       -3.8109483038522283E-003 -0.16469680469570178     
   14.400000000000167       -6.2763395449715051E-003 -0.16400353701922671     
   14.415000000000168       -8.7310739125824304E-003 -0.16327596815447296     
   14.430000000000168       -1.1174639052480013E-002 -0.16251439042665572     
   14.445000000000169       -1.3606527044755696E-002 -0.16171910271682649     
   14.460000000000170       -1.6026234501451648E-002 -0.16089041037004184     
   14.475000000000170       -1.8433262662829204E-002 -0.16002862510242208     
   14.490000000000171       -2.0827117492234964E-002 -0.15913406490712501     
   14.505000000000171       -2.3207309769548448E-002 -0.15820705395925991     
   14.520000000000172       -2.5573355183195669E-002 -0.15724792251976710     
   14.535000000000172       -2.7924774420713196E-002 -0.15625700683828866     
   14.550000000000173       -3.0261093257847867E-002 -0.15523464905505588     
   14.565000000000174       -3.2581842646177521E-002 -0.15418119710181924     
   14.580000000000174       -3.4886558799238625E-002 -0.15309700460184680     
   14.595000000000175       -3.7174783277146989E-002 -0.15198243076901699     
   14.610000000000175       -3.9446063069698181E-002 -0.15083784030603184     
   14.625000000000176       -4.1699950677934708E-002 -0.14966360330177697     
   14.640000000000176       -4.3936004194167232E-002 -0.14846009512785455     
   14.655000000000177       -4.6153787380437732E-002 -0.14722769633431557     
   14.670000000000178       -4.8352869745412759E-002 -0.14596679254461800     
   14.685000000000178       -5.0532826619695353E-002 -0.14467777434983736     
   14.700000000000179       -5.2693239229544608E-002 -0.14336103720215618     
   14.715000000000179       -5.4833694768992317E-002 -0.14201698130765905     
   14.730000000000180       -5.6953786470346414E-002 -0.14064601151846029     
   14.745000000000180       -5.9053113673071443E-002 -0.13924853722419042     
   14.760000000000181       -6.1131281891036650E-002 -0.13782497224286891     
   14.775000000000182       -6.3187902878122607E-002 -0.13637573471118947     
   14.790000000000182       -6.5222594692177907E-002 -0.13490124697424524     
   14.805000000000183       -6.7234981757317555E-002 -0.13340193547472060     
   14.820000000000183       -6.9224694924555435E-002 -0.13187823064157633     
   14.835000000000184       -7.1191371530763270E-002 -0.13033056677825552     
   14.850000000000184       -7.3134655455949257E-002 -0.12875938195043674     
   14.865000000000185       -7.5054197178849660E-002 -0.12716511787336160     
   14.880000000000186       -7.6949653830827275E-002 -0.12554821979876390     
   14.895000000000186       -7.8820689248070924E-002 -0.12390913640142680     
   14.910000000000187       -8.0666974022090637E-002 -0.12224831966539523     
   14.925000000000187       -8.2488185548503484E-002 -0.12056622476987054     
   14.940000000000188       -8.4284008074105687E-002 -0.11886330997481395     
   14.955000000000188       -8.6054132742226522E-002 -0.11714003650628591     
   14.970000000000189       -8.7798257636360566E-002 -0.11539686844154792     
   14.985000000000190       -8.9516087822074777E-002 -0.11363427259395385     
   15.000000000000190       -9.1207335387187394E-002 -0.11185271839765706     
