   0.0000000000000000        1.0000000000000000        0.0000000000000000     
   5.0000000000000003E-002  0.99875000000000003       -4.9999374999990687E-002
  0.10000000000000001       0.99500162499882905       -9.9868760454622341E-002
  0.15000000000000002       0.98876468396184769      -0.14947228207254093     
  0.20000000000000001       0.98005594887933367      -0.19866764834792106     
  0.25000000000000000       0.96889945682100098      -0.24730701612139500     
  0.29999999999999999       0.95532676306523989      -0.29523808010739766     
  0.34999999999999998       0.93937713425161962      -0.34230537573196729     
  0.39999999999999997       0.92109767128175835      -0.38835177453235875     
  0.44999999999999996       0.90054335298843602      -0.43322014105236600     
  0.49999999999999994       0.87777699340039517      -0.47675511034518037     
  0.54999999999999993       0.85286910770686652      -0.51880493665236549     
  0.59999999999999998       0.82589768468785008      -0.55922335733315132     
  0.65000000000000002       0.79694786630284487      -0.59787141234252306     
  0.70000000000000007       0.76611153817145605      -0.63461915898380017     
  0.75000000000000011       0.73348683766485123      -0.66934722452013573     
  0.80000000000000016       0.69917758908374950      -0.70194814544970707     
  0.85000000000000020       0.66329267776401624      -0.73232745145629718     
  0.90000000000000024       0.62594537678859630      -0.76040446359304548     
  0.95000000000000029       0.58725264119648801      -0.78611278929061357     
   1.0000000000000002       0.54733438511435051      -0.80940051033951410     
   1.0500000000000003       0.50631275709235679      -0.83023007311195851     
   1.1000000000000003       0.46431142814850462      -0.84857790208839090     
   1.1500000000000004       0.42145490570040700      -0.86443376754211965     
   1.2000000000000004       0.37786788480582756      -0.87779994554705909     
   1.2500000000000004       0.33367464607525665      -0.88869021309488794     
   1.3000000000000005       0.28899850739843952      -0.89712872306574565     
   1.3500000000000005       0.24396133437179468      -0.90314880332180958     
   1.4000000000000006       0.19868311213890644      -0.90679172166745259     
   1.4500000000000006       0.15328157935342326      -0.90810545431562395     
   1.5000000000000007       0.10787192320927864      -0.90714349032240926     
   1.5500000000000007        6.2566532998311913E-002 -0.90396369868771720     
   1.6000000000000008        1.7474808467813470E-002 -0.89862727890207894     
   1.6500000000000008       -2.7296981641940408E-002 -0.89119781000150422     
   1.7000000000000008       -7.1645796115225258E-002 -0.88174040793895425     
   1.7500000000000009      -0.11547187843507323      -0.87032099646812111     
   1.8000000000000009      -0.15867878036906852      -0.85700569285788042     
   1.8500000000000010      -0.20117335770005021      -0.84186030664116884     
   1.9000000000000010      -0.24286574367661018      -0.82494994722456161     
   1.9500000000000011      -0.28366930549872865      -0.80633873448136251     
   2.0000000000000009      -0.32350058882501448      -0.78608960533471017     
   2.0500000000000007      -0.36227925491681279      -0.76426420870906187     
   2.1000000000000005      -0.39992801464277827      -0.74092288098634185     
   2.1500000000000004      -0.43637256317216039      -0.71612469414836744     
   2.2000000000000002      -0.47154151879799283      -0.68992756902893981     
   2.2500000000000000      -0.50536636896029308      -0.66238844645641271     
   2.2999999999999998      -0.53778142618815217      -0.63356350947107787     
   2.3499999999999996      -0.56872379634894044      -0.60350845019311938     
   2.3999999999999995      -0.59813336128084238      -0.57227877524887694     
   2.4499999999999993      -0.62595277758754075      -0.53993014389858240     
   2.4999999999999991      -0.65212749308545215      -0.50651873311991913     
   2.5499999999999989      -0.67660578210769007      -0.47210162386992915     
   2.5999999999999988      -0.69933880057737463      -0.43673720256281656     
   2.6499999999999986      -0.72028066145822556      -0.40048557146162084     
   2.6999999999999984      -0.73938853086490663      -0.36340896119520272     
   2.7499999999999982      -0.75662274476230029      -0.32557213799589807     
   2.7999999999999980      -0.77194694579587053      -0.28704279753556766     
   2.8499999999999979      -0.78532823937027907      -0.24789193645805466     
   2.8999999999999977      -0.79673736762849556      -0.20819419191579369     
   2.9499999999999975      -0.80614889947969204      -0.16802813868122229     
   2.9999999999999973      -0.81354143428564651      -0.12747653279498500     
   3.0499999999999972      -0.81889781625062619       -8.6626490317674082E-002
   3.0999999999999970      -0.82220535598167532       -4.5569589661507329E-002
   3.1499999999999968      -0.82345605511246311       -4.4018862860396579E-003
   3.1999999999999966      -0.82264682933655109        3.6776170664052484E-002
   3.2499999999999964      -0.81977972470149862        7.7859928845776444E-002
   3.2999999999999963      -0.81486212160333704       0.11874083742657555     
   3.3499999999999961      -0.80790692062324954       0.15930687050872386     
   3.3999999999999959      -0.79893270419653128       0.19944307054630989     
   3.4499999999999957      -0.78796386812759844       0.23903220927230429     
   3.4999999999999956      -0.77503071718868000       0.27795555947484235     
   3.5499999999999954      -0.76016951948103761       0.31609376654147836     
   3.5999999999999952      -0.74342251490317779       0.35332780425187460     
   3.6499999999999950      -0.72483787395534716       0.38953999510239062     
   3.6999999999999948      -0.70446960419481497       0.42461507176675301     
   3.7499999999999947      -0.68237740290923721       0.45844125340643166     
   3.7999999999999945      -0.65862645594985014       0.49091130868298249     
   3.8499999999999943      -0.63328718410550744       0.52192357667740752     
   3.8999999999999941      -0.60643493983822183       0.55138291759652780     
   3.9499999999999940      -0.57814965857320322       0.57920156715946902     
   3.9999999999999938      -0.54851546997531453       0.60529987182652345     
   4.0499999999999936      -0.51762027568984370       0.62960688638172213     
   4.0999999999999934      -0.48555530082998288       0.65206082055334613     
   4.1499999999999932      -0.45241462702241525       0.67260932703992915     
   4.1999999999999931      -0.41829471505871224       0.69120962916071471     
   4.2499999999999929      -0.38329392514406579       0.70782849202824871     
   4.2999999999999927      -0.34751204240308353       0.72244204633654940     
   4.3499999999999925      -0.31104981472625215       0.73503547831543092     
   4.3999999999999924      -0.27400850926270076       0.74560260293572489     
   4.4499999999999922      -0.23648949293485483       0.75414533995652311     
   4.4999999999999920      -0.19859384132147218       0.76067311385854530     
   4.5499999999999918      -0.16042197917978940       0.76520219915313326     
   4.5999999999999917      -0.12207335480353620       0.76775503209819118     
   4.6499999999999915       -8.3646149383408988E-002  0.76835950863625313     
   4.6999999999999913       -4.5237021584130913E-002  0.76704828656551804     
   4.7499999999999911       -6.9408867024888590E-003  0.76385810773949681     
   4.7999999999999909        3.1149270960126686E-002  0.75882915363569969     
   4.8499999999999908        6.8942554481227741E-002  0.75200444509211428     
   4.8999999999999906       0.10635028190384851       0.74342929451117956     
   4.9499999999999904       0.14328608782732533       0.73315081647548219     
   4.9999999999999902       0.17966600204406702       0.72121750057953682     
   5.0499999999999901       0.21540850840396863       0.70767884840250683     
   5.0999999999999899       0.25043458714081135       0.69258507494822164     
   5.1499999999999897       0.28466774387485094       0.67598687356198195     
   5.1999999999999895       0.31803402842671874       0.65793524228350775     
   5.2499999999999893       0.35046204645255025       0.63848136878584405     
   5.2999999999999892       0.38188296675019612       0.61767657044773894     
   5.3499999999999890       0.41223052690092193       0.59557228567471954     
   5.3999999999999888       0.44144103970771920       0.57222011228349678     
   5.4499999999999886       0.46945340267586089       0.54767188855816384     
   5.4999999999999885       0.49620911255745787       0.52197981244030556     
   5.5499999999999883       0.52165228675167719       0.49519659419778184     
   5.5999999999999881       0.54572969311670394       0.46737563780238756     
   5.6499999999999879       0.56839078950800781       0.43857124611376980     
   5.6999999999999877       0.58958777410864904       0.40883884480044413     
   5.7499999999999876       0.60927564735921746       0.37823521971894086     
   5.7999999999999874       0.62741228602522436       0.34681876221568614     
   5.8499999999999872       0.64395852965602007       0.31464971651630125     
   5.8999999999999870       0.65887827938958132       0.28179042303341634     
   5.9499999999999869       0.67213860874044351       0.24830555107351043     
   5.9999999999999867       0.68370988567330415       0.21426231407922422     
   6.0499999999999865       0.69356590491338710       0.17973066023615517     
   6.0999999999999863       0.70168402907919925       0.14478343103843505     
   6.1499999999999861       0.70804533684843440       0.10949648028643089     
   6.1999999999999860       0.71263477599024738        7.3948746027007017E-002
   6.2499999999999858       0.71544131872596273        3.8222268187242836E-002
   6.2999999999999856       0.71645811652679003        2.4021451396642884E-003
   6.3499999999999854       0.71568265113464946       -3.3423576791267347E-002
   6.3999999999999853       0.71311687831583381       -6.9164085787229795E-002
   6.4499999999999851       0.70876736064313250      -0.10472606245295110     
   6.4999999999999849       0.70264538546671862      -0.14001401495123000     
   6.5499999999999847       0.69476706419337431      -0.17493069108210602     
   6.5999999999999845       0.68515340906148847      -0.20937756474999600     
   6.6499999999999844       0.67383038378660931      -0.24325539180545142     
   6.6999999999999842       0.66082892476577160      -0.27646482771366115     
   6.7499999999999840       0.64618492996949750      -0.30890709700732655     
   6.7999999999999838       0.62993921321317614      -0.34048470215811577     
   6.8499999999999837       0.61213742217251521      -0.37110215748485481     
   6.8999999999999835       0.59282991927219508      -0.40066673213935644     
   6.9499999999999833       0.57207162540766698      -0.42908918518797445     
   6.9999999999999831       0.54992182732691075      -0.45628447542782102     
   7.0499999999999829       0.52644395036790936      -0.48217242889474293     
   7.0999999999999828       0.50170529908290717      -0.50667834804715028     
   7.1499999999999826       0.47577676904702831      -0.52973354831206909     
   7.1999999999999824       0.44873253381417688      -0.55127580997977077     
   7.2499999999999822       0.42064971151987562      -0.57124973621462305     
   7.2999999999999821       0.39160801601808598      -0.58960701106603419     
   7.3499999999999819       0.36168939766426395      -0.60630655464966776     
   7.3999999999999817       0.33097767891567720      -0.62131457595515671     
   7.4499999999999815       0.29955818981655519      -0.63460452685947621     
   7.4999999999999813       0.26751740818198949      -0.64615696374123632     
   7.5499999999999812       0.23494260890925356      -0.65595932548508418     
   7.5999999999999810       0.20192152635194716      -0.66400563855618111     
   7.6499999999999808       0.16854203311781729      -0.67029616116830293     
   7.6999999999999806       0.13489183802326962      -0.67483697935750608     
   7.7499999999999805       0.10105820528400281      -0.67763956803088166     
   7.7999999999999803        6.7127696367454082E-002 -0.67872032983754604     
   7.8499999999999801        3.3185935301299409E-002 -0.67810012407692599     
   7.8999999999999799       -6.8260235833694088E-004 -0.67580379689963066     
   7.9499999999999797       -3.4394777230786343E-002 -0.67185972285542261     
   7.9999999999999796       -6.7868951289157889E-002 -0.66629936648593413     
   8.0499999999999794      -0.10102513171511837      -0.65915687122502509     
   8.0999999999999801      -0.13378509495910071      -0.65046868142489633     
   8.1499999999999808      -0.16607249279008376      -0.64027320192661952     
   8.1999999999999815      -0.19781294230598551      -0.62861049828163618     
   8.2499999999999822      -0.22893410199959133      -0.61552203953488605     
   8.2999999999999829      -0.25936573604217722      -0.60105048441732478     
   8.3499999999999837      -0.28903976896451650      -0.58523951087190351     
   8.3999999999999844      -0.31789033288978069      -0.56813368805017472     
   8.4499999999999851      -0.34585380941164967      -0.54977838925742528     
   8.4999999999999858      -0.37286886811981884      -0.53021974377871794     
   8.5499999999999865      -0.39887650365933225      -0.50950462506955718     
   8.5999999999999872      -0.42382007307417408      -0.48768067242476676     
   8.6499999999999879      -0.44764533503278425      -0.46479634292917288     
   8.6999999999999886      -0.47030049236617777      -0.44090099022644852     
   8.7499999999999893      -0.49173623916987091      -0.41604496640252692     
   8.7999999999999901      -0.51190581352985642      -0.39027974305452484     
   8.8499999999999908      -0.53076505673086449      -0.36365804739552671     
   8.8999999999999915      -0.54827247959214997      -0.33623400902393868     
   8.9499999999999922      -0.56438933635190025      -0.30806331276150067     
   8.9999999999999929      -0.57907970628592409      -0.27920335273876484     
   9.0499999999999936      -0.59231058299963335      -0.24971338268760554     
   9.0999999999999943      -0.60405197107499542      -0.21965465719817515     
   9.1499999999999950      -0.61427698948729681      -0.18909055852791434     
   9.1999999999999957      -0.62296198093226463      -0.15808670343182352     
   9.2499999999999964      -0.63008662592543641      -0.12671102443843424     
   9.2999999999999972      -0.63563406025691083       -9.5033820049252760E-002
   9.3499999999999979      -0.63959099411129816       -6.3127768516320279E-002
   9.3999999999999986      -0.64194783090161733       -3.1067900177755729E-002
   9.4499999999999993      -0.64269878362508170        1.0684761730157324E-003
   9.5000000000000000      -0.64184198633720457        3.3201896724638032E-002
   9.5500000000000007      -0.63937959816821133        6.5250918849374340E-002
   9.6000000000000014      -0.63531789718245579        9.7132351943731696E-002
   9.6500000000000021      -0.62966736131729406       0.12876154351053887     
   9.7000000000000028      -0.62244273364176061       0.16005271964550974     
   9.7500000000000036      -0.61366306925499892       0.19091937752193955     
   9.8000000000000043      -0.60335176130514867       0.22127472581818255     
   9.8500000000000050      -0.59153654385382626       0.25103216736672485     
   9.9000000000000057      -0.57824946963860868       0.28010581669359563     
   9.9500000000000064      -0.56352686119133577       0.30841104364121452     
   10.000000000000007      -0.54740923424487453       0.33586503300645199     
   10.050000000000008      -0.52994119289255159       0.36238734915428394     
   10.100000000000009      -0.51117129653648619       0.38790049395140241     
   10.150000000000009      -0.49115189925431502       0.41233044615325776     
   10.200000000000010      -0.46993896280703445       0.43560717060158594     
   10.250000000000011      -0.44759184508172711       0.45766508625310542     
   10.300000000000011      -0.42417306628996143       0.47844348314409124     
   10.350000000000012      -0.39974805570543503       0.49788687985558933     
   10.400000000000013      -0.37438488210557636       0.51594531481370531     
   10.450000000000014      -0.34815397136773379       0.53257456675473103     
   10.500000000000014      -0.32112781485225428       0.54773630181029886     
   10.550000000000015      -0.29338067227814535       0.56139814682293498     
   10.600000000000016      -0.26498827276314818       0.57353369058915149     
   10.650000000000016      -0.23602751756470439       0.58412241665610254     
   10.700000000000017      -0.20657618783145137       0.59314957299344062     
   10.750000000000018      -0.17671266036986344       0.60060598526699871     
   10.800000000000018      -0.14651563406318416       0.60648782151814007     
   10.850000000000019      -0.11606386916693281       0.61079631678555879     
   10.900000000000020       -8.5435941264388360E-002  0.61353746659793551     
   10.950000000000021       -5.4710011213332951E-002  0.61472169833608725     
   11.000000000000021       -2.3963611967361416E-002  0.61436352924558668     
   11.050000000000022        6.7265472753409716E-003  0.61248121941841138     
   11.100000000000023        3.7284759544607582E-002  0.60909642740380887     
   11.150000000000023        6.7636481505709278E-002  0.60423387530489991     
   11.200000000000024        9.7708478436379156E-002  0.59792102931787527     
   11.250000000000025       0.12742895368280810       0.59018780072027743     
   11.300000000000026       0.15672766373027136       0.58106627135325883     
   11.350000000000026       0.18553602020240856       0.57059044670234871     
   11.400000000000027       0.21378718023539112       0.55879603878717632     
   11.450000000000028       0.24141612676211974       0.54572028024044728     
   11.500000000000028       0.26835974029075083       0.53140177020107604     
   11.550000000000029       0.29455686377518497       0.51588035197052873     
   11.600000000000030       0.31994836215669553       0.49919702178490777     
   11.650000000000031       0.34447717810953615       0.48139386753396146     
   11.700000000000031       0.36808838545276279       0.46251403580507117     
   11.750000000000032       0.39072924159884742       0.44260172523660513     
   11.800000000000033       0.41234924029968750       0.42170220382129026     
   11.850000000000033       0.43290016582458762       0.39986184749693104     
   11.900000000000034       0.45233614956449048       0.37712819709016798     
   11.950000000000035       0.47061372990355288       0.35355003043169092     
   12.000000000000036       0.48769191603414946       0.32917744623298800     
   12.050000000000036       0.50353225621538411       0.30406195610220649     
   12.100000000000037       0.51809891078894388       0.27825658087953636     
   12.150000000000038       0.53135873007042622       0.25181594729299717     
   12.200000000000038       0.54328133703008996       0.22479638077878833     
   12.250000000000039       0.55383921446562234       0.19725599018444462     
   12.300000000000040       0.56300779615275531       0.16925473998853280     
   12.350000000000041       0.57076556123977207       0.14085450564038926     
   12.400000000000041       0.57709413093217365       0.11211910766199033     
   12.450000000000042       0.58197836629784572        8.3114320276964151E-002
   12.500000000000043       0.58540646581559130        5.3907850554483855E-002
   12.550000000000043       0.58737006109623258        2.4569284392654114E-002
   12.600000000000044       0.58786430903168441       -4.8300038711183088E-003
   12.650000000000045       0.58688797848000862       -3.4216980838395777E-002
   12.700000000000045       0.58444352948031442       -6.3517124298650543E-002
   12.750000000000046       0.58053718291730227       -9.2654635364493379E-002
   12.800000000000047       0.57517897852769917      -0.12155269252120579     
   12.850000000000048       0.56838281916547784      -0.15013374652986283     
   12.900000000000048       0.56016649932402618      -0.17831985396222247     
   12.950000000000049       0.55055171605413700      -0.20603304594908292     
   13.000000000000050       0.53956406061756990      -0.23319572753615633     
   13.050000000000050       0.52723298947537289      -0.25973110191218318     
   13.100000000000051       0.51359177352394658      -0.28556361275531084     
   13.150000000000052       0.49867742485314182      -0.31061939708767611     
   13.200000000000053       0.48253060070010700      -0.33482674038291055     
   13.250000000000053       0.46519548469847172      -0.35811652527789739     
   13.300000000000054       0.44671964596128028      -0.38042266512896100     
   13.350000000000055       0.42715387697315210      -0.40168251384087034     
   13.400000000000055       0.40655201168724109      -0.42183724388653138     
   13.450000000000056       0.38497072561077317      -0.44083218521200368     
   13.500000000000057       0.36246932000545118      -0.45861711875592970     
   13.550000000000058       0.33910949261385703      -0.47514651956111781     
   13.600000000000058       0.31495509754068918      -0.49037974586416966     
   13.650000000000059       0.29007189706174036      -0.50428117205435241     
   13.700000000000060       0.26452730820071307      -0.51682026492950528     
   13.750000000000060       0.23839014690437044      -0.52797160417945410     
   13.800000000000061       0.21173037256340951      -0.53771484943572334     
   13.850000000000062       0.18461883547596145      -0.54603465748797497     
   13.900000000000063       0.15712702964127986      -0.55292055434106580     
   13.950000000000063       0.12932685301327418      -0.55836676764281967     
   14.000000000000064       0.10129037704850369      -0.56237202563552979     
   14.050000000000065        7.3089627062977530E-002 -0.56493932917047929     
   14.100000000000065        4.4796374578372107E-002 -0.56607570348249636     
   14.150000000000066        1.6481942502181622E-002 -0.56579193636846026     
   14.200000000000067       -1.1782976342144393E-002 -0.56410230917482196     
   14.250000000000068       -3.9928487131256775E-002 -0.56102432660460599     
   14.300000000000068       -6.7885647489346196E-002 -0.55657845083657220     
   14.350000000000069       -9.5586608812608637E-002 -0.55078784484116206     
   14.400000000000070      -0.12296474504456939      -0.54367812911098734     
   14.450000000000070      -0.14995476966984111      -0.53527715532648867     
   14.500000000000071      -0.17649284185234204      -0.52561479977465797     
   14.550000000000072      -0.20251666276744040      -0.51472277865055249     
   14.600000000000072      -0.22796556326709638      -0.50263448671324584     
   14.650000000000073      -0.25278058407467674      -0.48938486015080768     
   14.700000000000074      -0.27690454973399276      -0.47501026393964518     
   14.750000000000075      -0.30028213753776967      -0.45954840346518344     
   14.800000000000075      -0.32285994263677908      -0.44303825970351091     
   14.850000000000076      -0.34458654048477694      -0.42552004684507266     
   14.900000000000077      -0.36541254770855086      -0.40703519086795736     
   14.950000000000077      -0.38529068240893471      -0.38762632723508073     
   15.000000000000078      -0.40417582479948549      -0.36733731559162458     
   15.050000000000079      -0.42202507897627989      -0.34621326907172362     
   15.100000000000080      -0.43879783648639553      -0.32430059558266050     
   15.150000000000080      -0.45445584222533836      -0.30164704821796390     
   15.200000000000081      -0.46896326304610814      -0.27830178175653814     
   15.250000000000082      -0.48228675930587572      -0.25431541203376301     
   15.300000000000082      -0.49439555941156849      -0.22974007482473358     
   15.350000000000083      -0.50526153725437695      -0.20462948076373089     
   15.400000000000084      -0.51485929224692195      -0.17903896274372827     
   15.450000000000085      -0.52316623149752051      -0.15302551220300387     
   15.500000000000085      -0.53016265347604941      -0.12664780072182497     
   15.550000000000086      -0.53583183234820031       -9.9966183430639177E-002
   15.600000000000087      -0.54016010198283182       -7.3042680882460256E-002
   15.650000000000087      -0.54313693847454025       -4.5940936275915376E-002
   15.700000000000088      -0.54475503987485629       -1.8726145240164374E-002
   15.750000000000089      -0.54501040169535353        8.5350441851844913E-003
   15.800000000000090      -0.54390238663941315        3.5774663219924972E-002
   15.850000000000090      -0.54143378694145861        6.2923586886398541E-002
   15.900000000000091      -0.53761087764802584        8.9911731935100075E-002
   15.950000000000092      -0.53244345916851077       0.11666828786593232     
   16.000000000000092      -0.52594488745855017       0.14312197989808945     
   16.050000000000093      -0.51813209027845486       0.16920136184031001     
   16.100000000000094      -0.50902556809432231       0.19483513589952275     
   16.150000000000095      -0.49864937836026174       0.21995249557268712     
   16.200000000000095      -0.48703110213467832       0.24448348692989097     
   16.250000000000096      -0.47420179223803449       0.26835938285369548     
   16.300000000000097      -0.46019590244833170       0.29151306418655309     
   16.350000000000097      -0.44505119754636197       0.31387940128785657     
   16.400000000000098      -0.42880864435666310       0.33539562924222011     
   16.450000000000099      -0.41151228427195735       0.35600170991068913     
   16.500000000000099      -0.39320908808778221       0.37564067418706676     
   16.550000000000100      -0.37394879429888084       0.39425893821226365     
   16.600000000000101      -0.35378373230883892       0.41180658789940700     
   16.650000000000102      -0.33276863226939229       0.42823762690968398     
   16.700000000000102      -0.31096042348707892       0.44351018416238958     
   16.750000000000103      -0.28841802350553819       0.45758667802361042     
   16.800000000000104      -0.26520212008694355       0.47043393545235207     
   16.850000000000104      -0.24137494837325735       0.48202326554408215     
   16.900000000000105      -0.21700006550705775       0.49233048805324997     
   16.950000000000106      -0.19214212493471317       0.50133591855490556     
   17.000000000000107      -0.16686665250584837       0.50902431288291294     
   17.050000000000107      -0.14123982632829191       0.51538477432737462     
   17.100000000000108      -0.11532826214430007       0.52041062776401925     
   17.150000000000109       -8.9198805770031545E-002  0.52409926540960872     
   17.200000000000109       -6.2918333894671913E-002  0.52645196924482918     
   17.250000000000110       -3.6553564276997789E-002  0.52747371532274090     
   17.300000000000111       -1.0170876113896492E-002  0.52717296519679413     
   17.350000000000112        1.6163858904875476E-002  0.52556144957343143     
   17.400000000000112        4.2385434591806818E-002  0.52265394904019058     
   17.450000000000113        6.8429457277562389E-002  0.51846807636324299     
   17.500000000000114        9.4232482033372589E-002  0.51302406441161996     
   17.550000000000114       0.11973213847668070       0.50634456327177235     
   17.600000000000115       0.14486724670217255       0.49845444958686724     
   17.650000000000116       0.16957792401853000       0.48938065060933900     
   17.700000000000117       0.19380568328196743       0.47915198490885508     
   17.750000000000117       0.21749352370117148       0.46779902114410021     
   17.800000000000118       0.24058601504558763       0.45535395579556498     
   17.850000000000119       0.26302937622141875       0.44185051027481115     
   17.900000000000119       0.28477154918883696       0.42732384737775292     
   17.950000000000120       0.30576226918152605       0.41181050663733643     
   18.000000000000121       0.32595313215758304       0.39534835775480037     
   18.050000000000122       0.34529766036079546       0.37797657094730502     
   18.100000000000122       0.36375136680508052       0.35973560274113214     
   18.150000000000123       0.38127181941400096       0.34066719546152480     
   18.200000000000124       0.39781870545322845       0.32081438842024168     
   18.250000000000124       0.41335389678796047       0.30022153857817313     
   18.300000000000125       0.42784151638088380       0.27893434826178165     
   18.350000000000126       0.44124800632056183       0.25699989733856976     
   18.400000000000126       0.45354219753636188       0.23446667710929825     
   18.450000000000127       0.46469538121558235       0.21138462305561487     
   18.500000000000128       0.47468138179278119       0.18780514349473562     
   18.550000000000129       0.48347663123215678       0.16378114114267620     
   18.600000000000129       0.49106024417316591       0.13936702458012962     
   18.650000000000130       0.49741409335967884       0.11461870665704266     
   18.700000000000131       0.50252288462650352        8.9593586970243791E-002
   18.750000000000131       0.50637423057705677        6.4350515709999528E-002
   18.800000000000132       0.50895872195564207        3.8949736402324520E-002
   18.850000000000133       0.51026999560082786        1.3452805379140072E-002
   18.900000000000134       0.51030479776661841       -1.2077513809115280E-002
   18.950000000000134       0.50906304151938009       -3.7577382363798879E-002
   19.000000000000135       0.50654785686466763       -6.2982045382132146E-002
   19.050000000000136       0.50276563223279991       -8.8226018363549027E-002
   19.100000000000136       0.49772604595842312      -0.11324330060765928     
   19.150000000000137       0.49144208642989701      -0.13796761433219973     
   19.200000000000138       0.48393005966080349      -0.16233266761580800     
   19.250000000000139       0.47520958314880501      -0.18627243854714523     
   19.300000000000139       0.46530356503585796      -0.20972147726445037     
   19.350000000000140       0.45423816776644815      -0.23261522192538550     
   19.400000000000141       0.44204275565371326      -0.25489032408374246     
   19.450000000000141       0.42874982600231354      -0.27648497849374071     
   19.500000000000142       0.41439492369570941      -0.29733925203792350     
   19.550000000000143       0.39901653942700027      -0.31739540630027452     
   19.600000000000144       0.38265599202874645      -0.33659820829546527     
   19.650000000000144       0.36535729562980462      -0.35489522402442958     
   19.700000000000145       0.34716701262759075      -0.37223708985434367     
   19.750000000000146       0.32813409370404939      -0.38857775720822452     
   19.800000000000146       0.30830970632532256      -0.40387470667878511     
   19.850000000000147       0.28774705334207218      -0.41808912842917090     
   19.900000000000148       0.26650118344435564      -0.43118606658055825     
   19.950000000000149       0.24462879531819925      -0.44313452618036375     
   20.000000000000149       0.22218803739859219      -0.45390754226017005     
   20.050000000000150       0.19923830511532975      -0.46348221139470802     
   20.100000000000151       0.17584003748547528      -0.47183968702966372     
   20.150000000000151       0.15205451482224985      -0.47896514062770246     
   20.200000000000152       0.12794365920930587      -0.48484769136495143     
   20.250000000000153       0.10356983923705960      -0.48948030767622391     
   20.300000000000153        7.8995680320263106E-002 -0.49285968438487621     
   20.350000000000154        5.4283881719916625E-002 -0.49498609945715416     
   20.400000000000155        2.9497041184697162E-002 -0.49586325459203950     
   20.450000000000156        4.6974879138553007E-003 -0.49549810390210736     
   20.500000000000156       -2.0052875668866928E-002 -0.49390067486928974     
   20.550000000000157       -4.4692723046822286E-002 -0.49108388558553151     
   20.600000000000158       -6.9161443559092067E-002 -0.48706336202811285     
   20.650000000000158       -9.3399273257770310E-002 -0.48185725878993629     
   20.700000000000159      -0.11734741692756993      -0.47548608630346606     
   20.750000000000160      -0.14094816166331320      -0.46797254717962278     
   20.800000000000161      -0.16414498252118878      -0.45934138384473971     
   20.850000000000161      -0.18688264085771605      -0.44961923921277402     
   20.900000000000162      -0.20910727604607204      -0.43883453168730779     
   20.950000000000163      -0.23076649131321539      -0.42701734535721164     
   21.000000000000163      -0.25180943447387683      -0.41419933583774993     
   21.050000000000164      -0.27218687435004368      -0.40041365181994970     
   21.100000000000165      -0.29185127365829600      -0.38569487202805330     
   21.150000000000166      -0.31075685912360129      -0.37007895694921816     
   21.200000000000166      -0.32885968953833400      -0.35360321439162301     
   21.250000000000167      -0.34611772243073213      -0.33630627764637150     
   21.300000000000168      -0.36249087993908341      -0.31822809477426167     
   21.350000000000168      -0.37794111440794914      -0.29940992730977650     
   21.400000000000169      -0.39243247413194421      -0.27989435647095345     
   21.450000000000170      -0.40593116957224135      -0.25972529478500100     
   21.500000000000171      -0.41840564026230515      -0.23894800088622570     
   21.550000000000171      -0.42982662250368414      -0.21760909511639259     
   21.600000000000172      -0.44016721783138957      -0.19575657346032785     
   21.650000000000173      -0.44940296210298714      -0.17343981728450886     
   21.700000000000173      -0.45751189493772576      -0.15070959631749103     
   21.750000000000174      -0.46447462910374143      -0.12761806232282710     
   21.800000000000175      -0.47027441932475533      -0.10421873097257101     
   21.850000000000176      -0.47489722985514371       -8.0566449537513518E-002
   21.900000000000176      -0.47833180005644338       -5.6717348173643919E-002
   21.950000000000177      -0.48056970710214642       -3.2728772806878123E-002
   22.000000000000178      -0.48160542484407159       -8.6591979024979032E-003
   22.050000000000178      -0.48143637779582105        1.5431882247078740E-002
   22.100000000000179      -0.48006298912997097        3.9484084673939851E-002
   22.150000000000180      -0.47748872154871408        6.3436291817338716E-002
   22.200000000000180      -0.47372010987540869        8.7226828512257951E-002
   22.250000000000181      -0.46876678422921286       0.11079366130155302     
   22.300000000000182      -0.46264148268842165       0.13407461890487588     
   22.350000000000183      -0.45536005242127880       0.15700763208202975     
   22.400000000000183      -0.44694143836601441       0.17953099054047816     
   22.450000000000184      -0.43740765867379483       0.20158361397695959     
   22.500000000000185      -0.42678376628722225       0.22310533383303630     
   22.550000000000185      -0.41509779620996839       0.24403718190531068     
   22.600000000000186      -0.40238069822599398       0.26432168160307207     
   22.650000000000187      -0.38866625504456459       0.28390313740688111     
   22.700000000000188      -0.37399098607408632       0.30272791796498472     
   22.750000000000188      -0.35839403725723112       0.32074472827973016     
   22.800000000000189      -0.34191705762514002       0.33790486658710400     
   22.850000000000190      -0.32460406344287496       0.35416246181703626     
   22.900000000000190      -0.30650129101519247       0.36947468793205301     
   22.950000000000191      -0.28765703939513282       0.38380195196337835     
   23.000000000000192      -0.26812150438269644       0.39710805317778808     
   23.050000000000193      -0.24794660531290361       0.40936031149246621     
   23.100000000000193      -0.22718580620893011       0.42052966398308689     
   23.150000000000194      -0.20589393291524510       0.43059072907525153     
   23.200000000000195      -0.18412698782758180       0.43952183874426010     
   23.250000000000195      -0.16194196380230955       0.44730503974749930     
   23.300000000000196      -0.13939665875973214       0.45392606555474713     
   23.350000000000197      -0.11654949239745063       0.45937428120542823     
   23.400000000000198       -9.3459326305485368E-002  0.46364260379376587     
   23.450000000000198       -7.0185288629245626E-002  0.46672740165313781     
   23.500000000000199       -4.6786604264927235E-002  0.46862837557492160     
   23.550000000000200       -2.3322431399888769E-002  0.46934842555449691     
   23.600000000000200        1.4829496671257478E-004  0.46889350661180701     
   23.650000000000201        2.3567012065265770E-002  0.46727247719338788     
   23.700000000000202        4.6875670674505578E-002  0.46449694353716531     
   23.750000000000203        7.0016868598210255E-002  0.46058110318256784     
   23.800000000000203        9.2933976333602869E-002  0.45554159054961796     
   23.850000000000204       0.11557125510434167       0.44939732720493919     
   23.900000000000205       0.13787396755377068       0.44216937909298670     
   23.950000000000205       0.15978848149921121       0.43388082264931416     
   24.000000000000206       0.18126236723470268       0.42455662134011041     
   24.050000000000207       0.20224448893744301       0.41422351379783628     
   24.100000000000207       0.22268509078235521       0.40290991435420576     
   24.150000000000208       0.24253587840018093       0.39064582641500173     
   24.200000000000209       0.26175009632799373       0.37746276878078427     
   24.250000000000210       0.28028260209794748       0.36339371469657494     
   24.300000000000210       0.29808993759146407       0.34847304311408245     
   24.350000000000211       0.31513039825303091       0.33273650137309874     
   24.400000000000212       0.33136410071147082       0.31622117825484891     
   24.450000000000212       0.34675304929812756       0.29896548612949281     
   24.500000000000213       0.36126120188204380       0.28100915071272348     
   24.550000000000214       0.37485453536306501       0.26239320676268807     
   24.600000000000215       0.38750111107606816       0.24315999788879475     
   24.650000000000215       0.39917114026440625       0.22335317850934433     
   24.700000000000216       0.40983704967946794       0.20301771588688147     
   24.750000000000217       0.41947354725734320       0.18219989009083401     
   24.800000000000217       0.42805768771446517       0.16094728968911978     
   24.850000000000218       0.43556893779340505       0.13930880095716067     
   24.900000000000219       0.44198924077955537       0.11733458841772082     
   24.950000000000220       0.44730307980124240        9.5076064591889858E-002
   25.000000000000220       0.45149753932205761        7.2585846953953176E-002
   25.050000000000221       0.45456236413724432        4.9917700243981247E-002
   25.100000000000222       0.45649001509832954        2.7126462504089510E-002
   25.150000000000222       0.45727572071444328        4.2679534686628322E-003
   25.200000000000223       0.45691752371754774       -1.8601135744945256E-002
   25.250000000000224       0.45541632163466228       -4.1423372332878371E-002
   25.300000000000225       0.45277590038552268       -6.4140731164984213E-002
   25.350000000000225       0.44900295992107003       -8.6694763635867200E-002
   25.400000000000226       0.44410713093844939      -0.10902678535528426     
   25.450000000000227       0.43810098175300322      -0.13107808153031908     
   25.500000000000227       0.43100001447762137      -0.15279012839211020     
   25.550000000000228       0.42282264975457073      -0.17410482853228501     
   25.600000000000229       0.41359019940355879      -0.19496475755550097     
   25.650000000000230       0.40332682649041807      -0.21531341904192289     
   25.700000000000230       0.39205949248069000      -0.23509550446400676     
   25.750000000000231       0.37981789131797056      -0.25425715443125546     
   25.800000000000232       0.36663437045385472      -0.27274621745808192     
   25.850000000000232       0.35254383904977254      -0.29051250237389353     
   25.900000000000233       0.33758366376560611      -0.30750802052750686     
   25.950000000000234       0.32179355274015892      -0.32368721408213968     
   26.000000000000234       0.30521542854875844      -0.33900716694997102     
   26.050000000000235       0.28789329108820694      -0.35342779526936230     
   26.100000000000236       0.26987307148411971      -0.36691201477162994     
   26.150000000000237       0.25120247823626590      -0.37942588290220680     
   26.200000000000237       0.23193083691057370      -0.39093871413450287     
   26.250000000000238       0.21210892474970100      -0.40142316752304114     
   26.300000000000239       0.19178880160629791      -0.41085530616376542     
   26.350000000000239       0.17102363860419234      -0.41921462884216171     
   26.400000000000240       0.14986754590367266      -0.42648407473356442     
   26.450000000000241       0.12837540088975985      -0.43265000255643754     
   26.500000000000242       0.10660267801964501      -0.43770214605314295     
   26.550000000000242        8.4605281460793186E-002 -0.44163354807181421     
   26.600000000000243        6.2439381528565333E-002 -0.44444047583928753     
   26.650000000000244        4.0161255795880757E-002 -0.44612232024427323     
   26.700000000000244        1.7827135601848620E-002 -0.44668148209141817     
   26.750000000000245       -4.5069414641969244E-003 -0.44612324834325745     
   26.800000000000246       -2.6785272678066623E-002 -0.44445566134374814     
   26.850000000000247       -4.8952624618474848E-002 -0.44168938392180662     
   26.900000000000247       -7.0954360791894294E-002 -0.43783756311531524     
   26.950000000000248       -9.2736562441597142E-002 -0.43291569504566541     
   27.000000000000249      -0.11424614265865690      -0.42694149322067498     
   27.050000000000249      -0.13543095401984317      -0.41993476226012461     
   27.100000000000250      -0.15623989006966116      -0.41191727873309891     
   27.150000000000251      -0.17662298104043342      -0.40291268047880174     
   27.200000000000252      -0.19653148426488198      -0.39294636546044720     
   27.250000000000252      -0.21591796978010011      -0.38204540088189520     
   27.300000000000253      -0.23473640165036272      -0.37023844298435704     
   27.350000000000254      -0.25294221554941448      -0.35755566764000590     
   27.400000000000254      -0.27049239314137880      -0.34402871157389059     
   27.450000000000255      -0.28734553378407263      -0.32969062377746045     
   27.500000000000256      -0.30346192405020334      -0.31457582642784049     
   27.550000000000257      -0.31880360552164588      -0.29872008439780973     
   27.600000000000257      -0.33333444126077094      -0.28216048223298712     
   27.650000000000258      -0.34702018130167073      -0.26493540728565507     
   27.700000000000259      -0.35982852743419547      -0.24708453752964926     
   27.750000000000259      -0.37172919747609234      -0.22864883243871537     
   27.800000000000260      -0.38269398914440289      -0.20967052519289214     
   27.850000000000261      -0.39269684354787365      -0.19019311438542086     
   27.900000000000261      -0.40171390822879616      -0.17026135333839651     
   27.950000000000262      -0.40972359958686455      -0.14992123510123906     
   28.000000000000263      -0.41670666442089022      -0.12921997120473233     
   28.050000000000264      -0.42264624022825292      -0.10820596227768618     
   28.100000000000264      -0.42752791380865096       -8.6928758706033102E-002
   28.150000000000265      -0.43133977763002729       -6.5439009627945813E-002
   28.200000000000266      -0.43407248333260751       -4.3788398715431054E-002
   28.250000000000266      -0.43571929167398282       -2.2029565394100947E-002
   28.300000000000267      -0.43627611815634870       -2.1601039865285290E-004
   28.350000000000268      -0.43574157352858339        2.1598015149158881E-002
   28.400000000000269      -0.43411699832294426        4.3357637623384293E-002
   28.450000000000269      -0.43140649057071201        6.5007505854970574E-002
   28.500000000000270      -0.42761692584478805        8.6491952893071322E-002
   28.550000000000271      -0.42275796880133354       0.10775517387217172     
   28.600000000000271      -0.41684207543784046       0.12874141886364890     
   28.650000000000272      -0.40988448535179695       0.14939519916482691     
   28.700000000000273      -0.40190320337195956       0.16966150506772551     
   28.750000000000274      -0.39291897004209797       0.18948603276759288     
   28.800000000000274      -0.38295522056313741       0.20881541773216794     
   28.850000000000275      -0.37203803194139445       0.22759747157012197     
   28.900000000000276      -0.36019605824491779       0.24578141922371044     
   28.950000000000276      -0.34746045403306808       0.26331813317676656     
   29.000000000000277      -0.33386478619219317       0.28016036132258554     
   29.050000000000278      -0.31944493457805268       0.29626294518157992     
   29.100000000000279      -0.30423898202885541       0.31158302529683574     
   29.150000000000279      -0.28828709446676809       0.32608023086408416     
   29.200000000000280      -0.27163139194614505       0.33971685096457543     
   29.250000000000281      -0.25431581162954681       0.35245798515483984     
   29.300000000000281      -0.23638596377447357       0.36427167161323432     
   29.350000000000282      -0.21788898189197928       0.37512899153398488     
   29.400000000000283      -0.19887336829111776       0.38500414897801483     
   29.450000000000284      -0.17938883624955740       0.39387452591830990     
   29.500000000000284      -0.15948615005063846       0.40172071273816773     
   29.550000000000285      -0.13921696410146625       0.40852651493664854     
   29.600000000000286      -0.11863366229696298       0.41427893725185161     
   29.650000000000286       -9.7789198723475163E-002  0.41896814681660699     
   29.700000000000287       -7.6736940705450729E-002  0.42258741730287519     
   29.750000000000288       -5.5530515093185386E-002  0.42513305628370962     
   29.800000000000288       -3.4223658572281830E-002  0.42660431824124551     
   29.850000000000289       -1.2870072649973033E-002  0.42700330577500090     
   29.900000000000290        8.4767161564919535E-003  0.42633486161866557     
   29.950000000000291        2.9763490535094951E-002  0.42460645405969477     
   30.000000000000291        5.0937470732199987E-002  0.42182805828045955     
   30.050000000000292        7.1946436901224264E-002  0.41801203600983944     
   30.100000000000293        9.2738845420037352E-002  0.41317301569825604     
   30.150000000000293       0.11326393925605288       0.40732777521590785     
   30.200000000000294       0.13347185255224506       0.40049512883203109     
   30.250000000000295       0.15331370968888103       0.39269581997066072     
   30.300000000000296       0.17274171914378852       0.38395242096324528     
   30.350000000000296       0.19170926252801909       0.37428924073740166     
   30.400000000000297       0.21017097921368305       0.36373224109997121     
   30.450000000000298       0.22808284699665476       0.35230896199628708     
   30.500000000000298       0.24540225924913184       0.34004845586017735     
   30.550000000000299       0.26208809901621100       0.32698123091385389     
   30.600000000000300       0.27810081049738650       0.31313920303587722     
   30.650000000000301       0.29340246832895805       0.29855565559066355     
   30.700000000000301       0.30795684504760240       0.28326520640589298     
   30.750000000000302       0.32172947706973287       0.26730378089579876     
   30.800000000000303       0.33468772946670067       0.25070859015965286     
   30.850000000000303       0.34680085975339481       0.23351811273681539     
   30.900000000000304       0.35804008083843480       0.21577207857360536     
   30.950000000000305       0.36837862320904352       0.19751145365431100     
   31.000000000000306       0.37779179634403282       0.17877842367046864     
   31.050000000000306       0.38625704926541188       0.15961637505094370     
   31.100000000000307       0.39375403005431509       0.14006987165241036     
   31.150000000000308       0.40026464407173146       0.12018462541777020     
   31.200000000000308       0.40577311054049997       0.10000745935112211     
   31.250000000000309       0.41026601706392740        7.9586261234225214E-002
   31.300000000000310       0.41373237157999987        5.8969926622797028E-002
   31.350000000000311       0.41616365118038801        3.8208289812743573E-002
   31.400000000000311       0.41755384716223293        1.7352041657047942E-002
   31.450000000000312       0.41789950562998640       -3.5473666569244486E-003
   31.500000000000313       0.41719976292626254       -2.4437834494201574E-002
   31.550000000000313       0.41545637514651074       -4.5266737648193361E-002
   31.600000000000314       0.41267374098393211       -6.5981069202666845E-002
   31.650000000000315       0.40885891715974076       -8.6527595025365264E-002
   31.700000000000315       0.40402162572058553      -0.10685302317287176     
   31.750000000000316       0.39817425253022526      -0.12690418611460447     
   31.800000000000317       0.39133183634642743      -0.14662823431697986     
   31.850000000000318       0.38351204795601845      -0.16597283937821997     
   31.900000000000318       0.37473515893994275      -0.18488640458190397     
   31.950000000000319       0.36502399975438382      -0.20331828045502756     
   32.000000000000320       0.35440390694116658      -0.22121898268527457     
   32.050000000000317       0.34290265941796760      -0.23854040958245645     
   32.100000000000314       0.33055040394301222      -0.25523605616888467     
   32.150000000000311       0.31737956999627565      -0.27126122195875685     
   32.200000000000308       0.30342477446584182      -0.28657320954068655     
   32.250000000000306       0.28872271667002375      -0.30113151121050774     
   32.300000000000303       0.27331206437920291      -0.31489798111053091     
   32.350000000000300       0.25723333162240902      -0.32783699061052901     
   32.400000000000297       0.24052874916911984      -0.33991556500605669     
   32.450000000000294       0.22324212866380577      -0.35110349999997420     
   32.500000000000291       0.20541872145718643      -0.36137345686007355     
   32.550000000000288       0.18710507322251518      -0.37070103559503692     
   32.600000000000286       0.16834887546671845      -0.37906482594759322     
   32.650000000000283       0.14919881504490085      -0.38644643645283150     
   32.700000000000280       0.12970442276332361      -0.39283050223717642     
   32.750000000000277       0.10991592211188328      -0.39820467262697445     
   32.800000000000274        8.9884079104358597E-002 -0.40255957998435099     
   32.850000000000271        6.9660054125728899E-002 -0.40588879148363982     
   32.900000000000269        4.9295256593529110E-002 -0.40818874577839903     
   32.950000000000266        2.8841203137556472E-002 -0.40945867668349090     
   33.000000000000263        8.3493798924459441E-003 -0.40970052610804641     
   33.050000000000260       -1.2128890616165369E-002 -0.40891884852472354     
   33.100000000000257       -3.2542577625931580E-002 -0.40712070925181443     
   33.150000000000254       -5.2841065079515220E-002 -0.40431557876233998     
   33.200000000000252       -7.2974269209225534E-002 -0.40051522512435950     
   33.250000000000249       -9.2892750722006451E-002 -0.39573360652615319     
   33.300000000000246      -0.11254782163567796      -0.38998676565594348     
   33.350000000000243      -0.13189164690086613      -0.38329272749568638     
   33.400000000000240      -0.15087734101551634      -0.37567140185923498     
   33.450000000000237      -0.16945905989948867      -0.36714449176342961     
   33.500000000000234      -0.18759208834501570      -0.35773540847235330     
   33.550000000000232      -0.20523292339457028      -0.34746919380533747     
   33.600000000000229      -0.22233935402100199      -0.33637245005277094     
   33.650000000000226      -0.23887053749591153      -0.32447327760407735     
   33.700000000000223      -0.25478707283156943      -0.31180122016240386     
   33.750000000000220      -0.27005107166981146      -0.29838721720303490     
   33.800000000000217      -0.28462622696892415      -0.28426356312924012     
   33.850000000000215      -0.29847787980732787      -0.26946387239175057     
   33.900000000000212      -0.31157308458169369      -0.25402304966765288     
   33.950000000000209      -0.32388067282788269      -0.23797726404239594     
   34.000000000000206      -0.33537131583671687      -0.22136392600599525     
   34.050000000000203      -0.34601758617408346      -0.20422166596264421     
   34.100000000000200      -0.35579401814730782      -0.18659031286317082     
   34.150000000000198      -0.36467716718824728      -0.16851087150364238     
   34.200000000000195      -0.37264566804938026      -0.15002549699260767     
   34.250000000000192      -0.37968029163360145      -0.13117746487577714     
   34.300000000000189      -0.38576400020288820      -0.11201113542223023     
   34.350000000000186      -0.39088200063696837       -9.2571910622293474E-002
   34.400000000000183      -0.39502179534217985       -7.2906182525650787E-002
   34.450000000000180      -0.39817323034451652       -5.3061271660262151E-002
   34.500000000000178      -0.40032854004111507       -3.3085354418975678E-002
   34.550000000000175      -0.40148238803286862       -1.3027378481288279E-002
   34.600000000000172      -0.40163190341916438        7.0630344484066722E-003
   34.650000000000169      -0.40077671190555753        2.7135699059581343E-002
   34.700000000000166      -0.39891896105801355        4.7139990211647664E-002
   34.750000000000163      -0.39606333903447932        6.7024979970985221E-002
   34.800000000000161      -0.39221708613702078        8.6739587498336379E-002
   34.850000000000158      -0.38738999855630896       0.10623274105137719     
   34.900000000000155      -0.38159442372516755       0.12545355104064207     
   34.950000000000152      -0.37484524675909608       0.14435149275761511     
   35.000000000000149      -0.36715986753854696       0.16287659709163424     
   35.050000000000146      -0.35855816807915042       0.18097964727747567     
   35.100000000000144      -0.34906246994042434       0.19861237947810426     
   35.150000000000141      -0.33869748153866275       0.21572768481643961     
   35.200000000000138      -0.32749023535311006       0.23227981033429923     
   35.250000000000135      -0.31547001514326256       0.24822455628252493     
   35.300000000000132      -0.30266827342597841       0.26351946713824415     
   35.350000000000129      -0.28911853959063094       0.27812401380547697     
   35.400000000000126      -0.27485631915536823       0.29199976458354182     
   35.450000000000124      -0.25991898478428527       0.30511054268096832     
   35.500000000000121      -0.24434565979083256       0.31742256830537674     
   35.550000000000118      -0.22817709494426661       0.32890458366416347     
   35.600000000000115      -0.21145553947103721       0.33952795955698473     
   35.650000000000112      -0.19422460719988194       0.34926678261756394     
   35.700000000000109      -0.17652913883683907       0.35809792265687412     
   35.750000000000107      -0.15841506137381478       0.36600107995947173     
   35.800000000000104      -0.13992924563180717       0.37295881277706394     
   35.850000000000101      -0.12111936291807916       0.37895654563640518     
   35.900000000000098      -0.10203374173672958       0.38398255942169568     
   35.950000000000095       -8.2721225435983953E-002  0.38802796449578075     
   36.000000000000092       -6.3231031605260446E-002  0.39108665838253343     
   36.050000000000090       -4.3612613953117538E-002  0.39315526973982440     
   36.100000000000087       -2.3915527306210313E-002  0.39423309050555955     
   36.150000000000084       -4.1892962721141458E-003  0.39432199819755931     
   36.200000000000081        1.5516711991944779E-002  0.39342637039262091     
   36.250000000000078        3.5153410564145976E-002  0.39155299340364347     
   36.300000000000075        5.4672110856792307E-002  0.38871096712025377     
   36.350000000000072        7.4024635884956752E-002  0.38491160788301776     
   36.400000000000070        9.3163428651974273E-002  0.38016835112982261     
   36.450000000000067       0.11204165568193969       0.37449665539150606     
   36.500000000000064       0.13061330580386915       0.36791390902852078     
   36.550000000000061       0.14883328435689716       0.36043934089743229     
   36.600000000000058       0.16665750304007626       0.35209393592108595     
   36.650000000000055       0.18404296567356085       0.34290035631458843     
   36.700000000000053       0.20094785016997913       0.33288286899550368     
   36.750000000000050       0.21733158703563329       0.32206727948491876     
   36.800000000000047       0.23315493473101243       0.31048087238974714     
   36.850000000000044       0.24838005221930634       0.29815235834868703     
   36.900000000000041       0.26297056902065574       0.28511182712702832     
   36.950000000000038       0.27689165306935287       0.27139070636097584     
   37.000000000000036       0.29011007664179977       0.25702172528198430     
   37.050000000000033       0.30259428058549265       0.24203888259722170     
   37.100000000000030       0.31431443703445433       0.22647741756500975     
   37.150000000000027       0.32524251074527288       0.21037378318520639     
   37.200000000000024       0.33535231913117008       0.19376562032529737     
   37.250000000000021       0.34461959101033929       0.17669173152482118     
   37.300000000000018       0.35302202402024635       0.15919205316511900     
   37.350000000000016       0.36053934058283965       0.14130762465981211     
   37.400000000000013       0.36715334223791207       0.12308055331543566     
   37.450000000000010       0.37284796209451249       0.10455397353284202     
   37.500000000000007       0.37760931508471923        8.5771999069745780E-002
   37.550000000000004       0.38142574564171938        6.6779667164289000E-002
   37.600000000000001       0.38428787236649936        4.7622873429546353E-002
   37.649999999999999       0.38618862919608621        2.8348296569717039E-002
   37.699999999999996       0.38712330254272043        9.0033121399233640E-003
   37.749999999999993       0.38708956383908688       -1.0364105228226610E-002
   37.799999999999990       0.38608749690119093       -2.9705491486103408E-002
   37.849999999999987       0.38411961950891127       -4.8972014812793146E-002
   37.899999999999984       0.38119089860577038       -6.8114609075756366E-002
   37.949999999999982       0.37730875853486107       -8.7084118654978004E-002
   37.999999999999979       0.37248308175767847      -0.10583145388823940     
   38.049999999999976       0.36672620154699298      -0.12430775610589687     
   38.099999999999973       0.36005288620363063      -0.14246457094326270     
   38.149999999999970       0.35248031441944067      -0.16025402835606212     
   38.199999999999967       0.34402804149372079      -0.17762902752829468     
   38.249999999999964       0.33471795620640055      -0.19454342466070104     
   38.299999999999962       0.32457422825639060      -0.21095222146977965     
   38.349999999999959       0.31362324628536636      -0.22681175211868576     
   38.399999999999956       0.30189354662323153      -0.24207986624767822     
   38.449999999999953       0.28941573300874446      -0.25671610577656329     
   38.499999999999950       0.27622238765430035      -0.27068187321628157     
   38.549999999999947       0.26234797413464223      -0.28394058935065525     
   38.599999999999945       0.24782873268240921      -0.29645783832938527     
   38.649999999999942       0.23270256856621502      -0.30820149844453454     
   38.699999999999939       0.21700893430698193      -0.31914185713787491     
   38.749999999999936       0.20078870655353395      -0.32925170909688417     
   38.799999999999933       0.18408405848745152      -0.33850643663288504     
   38.849999999999930       0.16693832865890212      -0.34688407188505166     
   38.899999999999928       0.14939588716913732      -0.35436534074771670     
   38.949999999999925       0.13150200011168620      -0.36093368876472864     
   38.999999999999922       0.11330269316361591      -0.36657528956333324     
   39.049999999999919        9.4844615181690378E-002 -0.37127903670206136     
   39.099999999999916        7.6174902607389280E-002 -0.37503652007466537     
   39.149999999999913        5.7341045421445025E-002 -0.37784198823916865     
   39.199999999999910        3.8390755314973768E-002 -0.37969229822325873     
   39.249999999999908        1.9371836662745237E-002 -0.38058685449205454     
   39.299999999999905        3.3206079706494390E-004 -0.38052753885094981     
   39.349999999999902       -1.8680956009464639E-002 -0.37951863309563116     
   39.399999999999899       -3.7619870535055847E-002 -0.37756673621575104     
   39.449999999999896       -5.6437726346123401E-002 -0.37468067791152887     
   39.499999999999893       -7.5088063139652800E-002 -0.37087143009808021     
   39.549999999999891       -9.3525021630460614E-002 -0.36615201795546787     
   39.599999999999888      -0.11170344399788071      -0.36053743193862564     
   39.649999999999885      -0.12957896997323187      -0.35404454199582430     
   39.699999999999882      -0.14710812870749590      -0.34669201506253994     
   39.749999999999879      -0.16424842660727340      -0.33850023670449270     
   39.799999999999876      -0.18095843136584661      -0.32949123758391696     
   39.849999999999874      -0.19719785244484245      -0.31968862522100366     
   39.899999999999871      -0.21292761828053641      -0.30911752132163001     
   39.949999999999868      -0.22810995049741606      -0.29780450474616726     
   39.999999999999865      -0.24270843541053472      -0.28577756000506843     
   40.049999999999862      -0.25668809308785379      -0.27306603098740312     
   40.099999999999859      -0.27001544422472790      -0.25970057946049002     
   40.149999999999856      -0.28265857505555203      -0.24571314772397113     
   40.199999999999854      -0.29458720049306458      -0.23113692466157171     
   40.249999999999851      -0.30577272564465441      -0.21600631430977049     
   40.299999999999848      -0.31618830580809276      -0.20035690595598379     
   40.349999999999845      -0.32580890499730453      -0.18422544469095756     
   40.399999999999842      -0.33461135299307415      -0.16764980127219675     
   40.449999999999839      -0.34257440085498997      -0.15066894010881204     
   40.499999999999837      -0.34967877477056830      -0.13332288415451421     
   40.549999999999834      -0.35590722805654085      -0.11565267549600505     
   40.599999999999831      -0.36124459106697887       -9.7700330449977876E-002
   40.649999999999828      -0.36567781870456662       -7.9508788034461680E-002
   40.699999999999825      -0.36919603517627686       -6.1121850760152252E-002
   40.749999999999822      -0.37179057558432854       -4.2584116795104841E-002
   40.799999999999820      -0.37345502389901919       -2.3940902691627425E-002
   40.849999999999817      -0.37418524682319398       -5.2381560266663921E-003
   40.899999999999814      -0.37397942303006682        1.3477642505096657E-002
   40.949999999999811      -0.37283806723806723        3.2159587795204142E-002
   40.999999999999808      -0.37076404857943523        5.0760469841429595E-002
   41.049999999999805      -0.36776260272431766        6.9232903856583303E-002
   41.099999999999802      -0.36384133723978607        8.7529470482406099E-002
   41.149999999999800      -0.35901022969386931       0.10560286536427752     
   41.199999999999797      -0.35328161805841168       0.12340605708465618     
   41.249999999999794      -0.34667018302101821       0.14089245220551475     
   41.299999999999791      -0.33919292188483119       0.15801606594021861     
   41.349999999999788      -0.33086911381431211       0.17473169677100928     
   41.399999999999785      -0.32172027627411726       0.19099510315683138     
   41.449999999999783      -0.31177011260473114       0.20676318034434765     
   41.499999999999780      -0.30104445078063036       0.22199413520824660     
   41.549999999999777      -0.28957117350200845       0.23664765700965473     
   41.599999999999774      -0.27738013987693844       0.25068508197630129     
   41.649999999999771      -0.26450309905463465       0.26406954967592994     
   41.699999999999768      -0.25097359626954696       0.27676614927428034     
   41.749999999999766      -0.23682687184783358       0.28874205393781882     
   41.799999999999763      -0.22209975380995514       0.29996664185449812     
   41.849999999999760      -0.20683054477364388       0.31041160259673450     
   41.899999999999757      -0.19105890391861549       0.32005102783170414     
   41.949999999999754      -0.17482572481681657       0.32886148568614743     
   41.999999999999751      -0.15817300995890832       0.33682207838667227     
   42.049999999999748      -0.14114374281873332       0.34391448311239581     
   42.099999999999746      -0.12378175829283347       0.35012297630520317     
   42.149999999999743      -0.10613161233228549       0.35543444197507856     
   42.199999999999740       -8.8238451550218394E-002  0.35983836480596526     
   42.249999999999737       -7.0147883541768014E-002  0.36332680910475629     
   42.299999999999734       -5.1905848595599519E-002  0.36589438483702874     
   42.349999999999731       -3.3558493409409119E-002  0.36753820215428012     
   42.399999999999729       -1.5152047348069093E-002  0.36825781593651657     
   42.449999999999726        3.2672982955569939E-003  0.36805516195041349     
   42.499999999999723        2.1653507658493640E-002  0.36693448625763381     
   42.549999999999720        3.9960813987672192E-002  0.36490226950219162     
   42.599999999999717        5.8143829426360934E-002  0.36196714766294180     
   42.649999999999714        7.6157650769081625E-002  0.35813983078110434     
   42.699999999999712        9.3957961120299624E-002  0.35343302106748575     
   42.749999999999709       0.11150112745945458       0.34786133166436223     
   42.799999999999706       0.12874429417514108       0.34144120718758203     
   42.849999999999703       0.14564547268358649       0.33419084701001772     
   42.899999999999700       0.16216362729037148       0.32613013207253894     
   42.949999999999697       0.17825875748917813       0.31728055582737114     
   42.999999999999694       0.19389197691701612       0.30766515973486364     
   43.049999999999692       0.20902558920182984       0.29730847355171025     
   43.099999999999689       0.22362316094575421       0.28623646046953150     
   43.149999999999686       0.23764959208582404       0.27447646699002598     
   43.199999999999683       0.25107118386403438       0.26205717725886157     
   43.249999999999680       0.26385570462078112       0.24900857142703475     
   43.299999999999677       0.27597245360045786       0.23536188746726999     
   43.349999999999675       0.28739232292600170       0.22114958574566843     
   43.399999999999672       0.29808785786118963       0.20640531553664504     
   43.449999999999669       0.30803331543628704       0.19116388257353550     
   43.499999999999666       0.31720472146509388       0.17546121664940587     
   43.549999999999663       0.32557992593044865       0.15933433822383952     
   43.599999999999660       0.33313865666181969       0.14282132295308531     
   43.649999999999658       0.33986257117378843       0.12596126304417241     
   43.699999999999655       0.34573530647912154       0.10879422433961623     
   43.749999999999652       0.35074252663590472        9.1361198069209726E-002
   43.799999999999649       0.35487196773609064        7.3704046259967321E-002
   43.849999999999646       0.35811347999404475        5.5865439875119730E-002
   43.899999999999643       0.36045906654953308        3.7888788858299563E-002
   43.949999999999640       0.36190291856135048        1.9818163389354521E-002
   43.999999999999638       0.36244144613667301        1.6982058126071703E-003
   44.049999999999635       0.36207330461840814       -1.6425967124831839E-002
   44.099999999999632       0.36079941573937596       -3.4508871890359491E-002
   44.149999999999629       0.35862298314901203       -5.2504775591067365E-002
   44.199999999999626       0.35554950182617712       -7.0367822933206176E-002
   44.249999999999623       0.35158676091110003       -8.8052172208841914E-002
   44.299999999999621       0.34674483952071750      -0.10551213956723132     
   44.349999999999618       0.34103609515465211      -0.12270235059739505     
   44.399999999999615       0.33447514435340886      -0.13957789802831128     
   44.449999999999612       0.32707883533535176      -0.15609450415092108     
   44.499999999999609       0.31886621241358559      -0.17220868638847098     
   44.549999999999606       0.30985847207661787      -0.18787792429497549     
   44.599999999999604       0.30007891070591602      -0.20306082615144530     
   44.649999999999601       0.28955286399724456      -0.21771729326070144     
   44.699999999999598       0.27830763824879684      -0.23180868001756411     
   44.749999999999595       0.26637243377531622      -0.24529794785399656     
   44.799999999999592       0.25377826080126081      -0.25814981122883424     
   44.849999999999589       0.24055784827525123      -0.27033087394779420     
   44.899999999999586       0.22674554613030240      -0.28180975425862614     
   44.949999999999584       0.21237722158761801      -0.29255719736404839     
   44.999999999999581       0.19749015016421734      -0.30254617422561753     
   45.049999999999578       0.18212290209489701      -0.31175196578786452     
   45.099999999999575       0.16631522491590836      -0.32015223202600734     
   45.149999999999572       0.15010792298056774      -0.32772706550391972     
   45.199999999999569       0.13354273468555880      -0.33445902941327293     
   45.249999999999567       0.11666220818109804      -0.34033318034155674     
   45.299999999999564        9.9509576318992876E-002 -0.34533707627827309     
   45.349999999999561        8.2128631560870774E-002 -0.34946077060806857     
   45.399999999999558        6.4563601525762349E-002 -0.35269679305109708     
   45.449999999999555        4.6859025803310389E-002 -0.35504011868989360     
   45.499999999999552        2.9059634597875261E-002 -0.35648812636523713     
   45.549999999999550        1.1210229701568555E-002 -0.35704054782899408     
   45.599999999999547       -6.6444317773131298E-003 -0.35669940910917913     
   45.649999999999544       -2.4459750577951980E-002 -0.35546896557208363     
   45.699999999999541       -4.2191395064794926E-002 -0.35335563216000276     
   45.749999999999538       -5.9795407414828541E-002 -0.35036791024343195     
   45.799999999999535       -7.7228306080273854E-002 -0.34651631245688863     
   45.849999999999532       -9.4447184459004838E-002 -0.34181328679153000     
   45.899999999999530      -0.11140980576596116      -0.33627314109956208     
   45.949999999999527      -0.12807469415338116      -0.32991196902928172     
   45.999999999999524      -0.14440122217503146      -0.32274757825964140     
   46.049999999999521      -0.16034969472916893      -0.31479942174350528     
   46.099999999999518      -0.17588142964634695      -0.30608853250305768     
   46.149999999999515      -0.19095883511116399      -0.29663746235260369     
   46.199999999999513      -0.20554548412160556      -0.28647022475639949     
   46.249999999999510      -0.21960618619585345      -0.27561224186494532     
   46.299999999999507      -0.23310705653456648      -0.26409029561481290     
   46.349999999999504      -0.24601558283702338      -0.25193248262670292     
   46.399999999999501      -0.25830068995260863      -0.23916817249590938     
   46.449999999999498      -0.26993280252545576      -0.22582796894037624     
   46.499999999999496      -0.28088390576025363      -0.21194367315556623     
   46.549999999999493      -0.29112760440195701      -0.19754824862380552     
   46.599999999999490      -0.30063917998217909      -0.18267578653993119     
   46.649999999999487      -0.30939564634119521      -0.16736147094620660     
   46.699999999999484      -0.31737580338763705      -0.15164154261880158     
   46.749999999999481      -0.32456028900904255      -0.13555326071684176     
   46.799999999999478      -0.33093162899644690      -0.11913486119422870     
   46.849999999999476      -0.33647428479620561      -0.10242551098513966     
   46.899999999999473      -0.34117469885333079       -8.5465257007192832E-002
   46.949999999999470      -0.34502133726393530       -6.8294969082344420E-002
   46.999999999999467      -0.34800472941107485       -5.0956275954995640E-002
   47.049999999999464      -0.35011750421953186       -3.3491493689454831E-002
   47.099999999999461      -0.35135442263204414       -1.5943545854260419E-002
   47.149999999999459      -0.35171240588326808        1.6441249522159591E-003
   47.199999999999456      -0.35119055912941427        1.9227654513792991E-002
   47.249999999999453      -0.34979018998194183        3.6762863441100947E-002
   47.299999999999450      -0.34751482149373675        5.4205372545809635E-002
   47.349999999999447      -0.34437019915643979        7.1510726833448571E-002
   47.399999999999444      -0.34036429148842678        8.8634527590372242E-002
   47.449999999999442      -0.33550728382452361       0.10553257182683226     
   47.499999999999439      -0.32981156496073283       0.12216099813008799     
   47.549999999999436      -0.32329170635962917       0.13847643778503291     
   47.599999999999433      -0.31596443368391958       0.15443616984103498     
   47.649999999999430      -0.30784859049592356       0.16999827864853345     
   47.699999999999427      -0.29896509403808535       0.18512181226293933     
   47.749999999999424      -0.28933688309249217       0.19976694002142237     
   47.799999999999422      -0.27898885800393014       0.21389510754418944     
   47.849999999999419      -0.26794781303927662       0.22746918739868668     
   47.899999999999416      -0.25624236134390926       0.24045362369430318     
   47.949999999999413      -0.24390285284117233       0.25281456894669796     
   47.999999999999410      -0.23096128550167683       0.26452001166341577     
   48.049999999999407      -0.21745121048332433       0.27553989325314160     
   48.099999999999405      -0.20340763170861956       0.28584621304554247     
   48.149999999999402      -0.18886690050149749       0.29541312042173296     
   48.199999999999399      -0.17386660595026157       0.30421699329057100     
   48.249999999999396      -0.15844546169537721       0.31223650239613893     
   48.299999999999393      -0.14264318986022309       0.31945266119938004     
   48.349999999999390      -0.12650040284928851       0.32584886133435520     
   48.399999999999388      -0.11005848373191263       0.33141089388959077     
   48.449999999999385       -9.3359465911043202E-002  0.33612695700066209     
   48.499999999999382       -7.6445912746528191E-002  0.33998765045541141     
   48.549999999999379       -5.9360797762304240E-002  0.34298595820291239     
   48.599999999999376       -4.2147386017904236E-002  0.34511721981744498     
   48.649999999999373       -2.4849117168535068E-002  0.34637909209649304     
   48.699999999999370       -7.5094906762532103E-003  0.34677150206547602     
   48.749999999999368        9.8280464307814036E-003  0.34629659272108543     
   48.799999999999365        2.7120208921637821E-002  0.34495866287029436     
   48.849999999999362        4.4323979587269344E-002  0.34276410241486155     
   48.899999999999359        6.1396712132152483E-002  0.33972132439376668     
   48.949999999999356        7.8296230602906719E-002  0.33584069503141428     
   48.999999999999353        9.4980925284358725E-002  0.33113446295099874     
   49.049999999999351       0.11140984504900739       0.32561668860377979     
   49.099999999999348       0.12754278619544823       0.31930317483994686     
   49.149999999999345       0.14334037785430120       0.31221139940901377     
   49.199999999999342       0.15876416407601285       0.30436045003092632     
   49.249999999999339       0.17377668274321215       0.29577096252672630     
   49.299999999999336       0.18834154147089080       0.28646506234288222     
   49.349999999999334       0.20242349067051132       0.27646630964916424     
   49.399999999999331       0.21598849395931341       0.26579964803880834     
   49.449999999999328       0.22900379609380617       0.25449135671398992     
   49.499999999999325       0.24143798859702734       0.24256900590135777     
   49.549999999999322       0.25326107323303965       0.23006141511337896     
   49.599999999999319       0.26444452345982661       0.21699861375313698     
   49.649999999999316       0.27496134396382804       0.20341180345448440     
   49.699999999999314       0.28478612834647338       0.18933332145743378     
   49.749999999999311       0.29389511499594673       0.17479660424164981     
   49.799999999999308       0.30226624113683304       0.15983615058009223     
   49.849999999999305       0.30987919500708977       0.14448748313140075     
   49.899999999999302       0.31671546606685796       0.12878710766459397     
   49.949999999999299       0.32275839309791954       0.11277246900407284     
   49.999999999999297       0.32799321000711829        9.6481902797640018E-002
