   0.0000000000000000        1.0000000000000000        0.0000000000000000     
   1.4999999999999999E-002  0.99988764260253904       -1.4971348677978516E-002
   2.9999999999999999E-002  0.99955115654802529       -2.9883297752099754E-002
   4.4999999999999998E-002  0.99899145631115194       -4.4732720711120319E-002
   5.9999999999999998E-002  0.99820950307195433       -5.9516516788025463E-002
   7.4999999999999997E-002  0.99720630432513613       -7.4231611560022046E-002
   8.9999999999999997E-002  0.99598291348045720       -8.8874957540369462E-002
  0.10500000000000000       0.99454042945430554      -0.10344353476194626     
  0.12000000000000000       0.99287999625257872      -0.11793435135245223     
  0.13500000000000001       0.99100280254499995      -0.13234444410114818     
  0.15000000000000002       0.98891008123099799      -0.14667087901703776     
  0.16500000000000004       0.98660310899727832      -0.16091075187839801     
  0.18000000000000005       0.98408320586721731      -0.17506118877356758     
  0.19500000000000006       0.98135173474221060      -0.18911934663290397     
  0.21000000000000008       0.97841010093510850      -0.20308241375182334     
  0.22500000000000009       0.97525975169587387      -0.21694761030483875     
  0.24000000000000010       0.97190217572959692      -0.23071218885051523     
  0.25500000000000012       0.96833890270700462      -0.24437343482726204     
  0.27000000000000013       0.96457150276760206      -0.25792866703988537     
  0.28500000000000014       0.96060158601558576      -0.27137523813682662     
  0.30000000000000016       0.95643080200866837      -0.28471053507801375     
  0.31500000000000017       0.95206083923995644      -0.29793197959325640     
  0.33000000000000018       0.94749342461302388      -0.31103702863111637     
  0.34500000000000020       0.94273032291032421      -0.32402317479818921     
  0.36000000000000021       0.93777333625508519      -0.33688794678873329     
  0.37500000000000022       0.93262430356683290      -0.34962890980458661     
  0.39000000000000024       0.92728510001068931      -0.36224366596531332     
  0.40500000000000025       0.92175763644059194      -0.37472985470852399     
  0.42000000000000026       0.91604385883658224      -0.38708515318031711     
  0.43500000000000028       0.91014574773631207      -0.39930727661579057     
  0.45000000000000029       0.90406531766091724      -0.41139397870957534     
  0.46500000000000030       0.89780461653540822      -0.42334305197634492     
  0.48000000000000032       0.89136572510372847      -0.43515232810125770     
  0.49500000000000033       0.88475075633863187      -0.44681967828029073     
  0.51000000000000034       0.87796185484653166      -0.45834301355042661     
  0.52500000000000036       0.87100119626747230      -0.46972028510965713     
  0.54000000000000037       0.86387098667037820      -0.48094948462677029     
  0.55500000000000038       0.85657346194373252      -0.49202864454088863     
  0.57000000000000040       0.84911088718183958      -0.50295583835073088     
  0.58500000000000041       0.84148555606682629      -0.51372918089356956     
  0.60000000000000042       0.83369979024653573      -0.52434682861386128     
  0.61500000000000044       0.82575593870846953      -0.53480697982152714     
  0.63000000000000045       0.81765637714993367      -0.54510787493986523     
  0.64500000000000046       0.80940350734454314      -0.55524779674307678     
  0.66000000000000048       0.80099975650524224      -0.56522507058339277     
  0.67500000000000049       0.79244757664399545      -0.57503806460778850     
  0.69000000000000050       0.78374944392830637      -0.58468518996427632     
  0.70500000000000052       0.77490785803471984      -0.59416490099776909     
  0.72000000000000053       0.76592534149946490      -0.60347569543551005     
  0.73500000000000054       0.75680443906639405      -0.61261611456206555     
  0.75000000000000056       0.74754771703237655      -0.62158474338388137     
  0.76500000000000057       0.73815776259030108      -0.63038021078340389     
  0.78000000000000058       0.72863718316984494      -0.63900118966277131     
  0.79500000000000060       0.71898860577616630      -0.64744639707708107     
  0.81000000000000061       0.70921467632667534      -0.65571459435724322     
  0.82500000000000062       0.69931805898604060      -0.66380458722243008     
  0.84000000000000064       0.68930143549958689      -0.67171522588213717     
  0.85500000000000065       0.67916750452523944      -0.67944540512787044     
  0.87000000000000066       0.66891898096417124      -0.68699406441447841     
  0.88500000000000068       0.65855859529030714      -0.69436018793114962     
  0.90000000000000069       0.64808909287884087      -0.70154280466209817     
  0.91500000000000070       0.63751323333391896      -0.70854098843696200     
  0.93000000000000071       0.62683378981564530      -0.71535385797094209     
  0.94500000000000073       0.61605354836656090      -0.72198057689471051     
  0.96000000000000074       0.60517530723775104      -0.72842035377412029     
  0.97500000000000075       0.59420187621473342      -0.73467244211974958     
  0.99000000000000077       0.58313607594327876      -0.74073614038631730     
   1.0050000000000008       0.57198073725531662      -0.74661079196200730     
   1.0200000000000007       0.56073870049507590      -0.75229578514774154     
   1.0350000000000006       0.54941281484561222      -0.75779055312644472     
   1.0500000000000005       0.53800593765587024      -0.76309457392234470     
   1.0650000000000004       0.52652093376843179      -0.76820737035035480     
   1.0800000000000003       0.51496067484809671      -0.77312850995558691     
   1.0950000000000002       0.50332803871144494      -0.77785760494304568     
   1.1100000000000001       0.49162590865752659      -0.78239431209755628     
   1.1250000000000000       0.47985717279982582      -0.78673833269398064     
   1.1399999999999999       0.46802472339964402      -0.79088941239777832     
   1.1549999999999998       0.45613145620104678      -0.79484734115597022     
   1.1699999999999997       0.44418026976751779      -0.79861195307856658     
   1.1849999999999996       0.43217406482046256      -0.80218312631052036     
   1.1999999999999995       0.42011574357970355      -0.80556078289427102     
   1.2149999999999994       0.40800820910610708      -0.80874488862294447     
   1.2299999999999993       0.39585436464648222      -0.81173545288427729     
   1.2449999999999992       0.38365711298088967      -0.81453252849533475     
   1.2599999999999991       0.37141935577249863      -0.81713621152809446     
   1.2749999999999990       0.35914399292012789      -0.81954664112596898     
   1.2899999999999989       0.34683392191360662      -0.82176399931134214     
   1.3049999999999988       0.33449203719208903      -0.82378851078419679     
   1.3199999999999987       0.32212122950545585      -0.82562044271191126     
   1.3349999999999986       0.30972438527893470      -0.82726010451030618     
   1.3499999999999985       0.29730438598106984      -0.82870784761602245     
   1.3649999999999984       0.28486410749517072      -0.82996406525031463     
   1.3799999999999983       0.27240641949436756      -0.83102919217434457     
   1.3949999999999982       0.25993418482040059      -0.83190370443606243     
   1.4099999999999981       0.24745025886626876      -0.83258811910876263     
   1.4249999999999980       0.23495748896286192      -0.83308299402140573     
   1.4399999999999979       0.22245871376969933      -0.83338892748079663     
   1.4549999999999979       0.20995676266989610      -0.83350655798571249     
   1.4699999999999978       0.19745445516947738      -0.83343656393307475     
   1.4849999999999977       0.18495460030115907      -0.83317966331626037     
   1.4999999999999976       0.17245999603271234      -0.83273661341565042     
   1.5149999999999975       0.15997342868002729      -0.83210821048151395     
   1.5299999999999974       0.14749767232499042      -0.83129528940932695     
   1.5449999999999973       0.13503548823828834      -0.83029872340762800     
   1.5599999999999972       0.12258962430724898      -0.82911942365851321     
   1.5749999999999971       0.11016281446882992      -0.82775833897087381     
   1.5899999999999970        9.7757778147861948E-002 -0.82621645542648148     
   1.6049999999999969        8.5377219700654344E-002 -0.82449479601902809     
   1.6199999999999968        7.3023827864066693E-002 -0.82259442028622731     
   1.6349999999999967        6.0700275210150541E-002 -0.82051642393508550     
   1.6499999999999966        4.8409217606462565E-002 -0.81826193846045359     
   1.6649999999999965        3.6153293682149132E-002 -0.81583213075696881     
   1.6799999999999964        2.3935124299900627E-002 -0.81322820272449958     
   1.6949999999999963        1.1757312033872105E-002 -0.81045139086720563     
   1.7099999999999962       -3.7755934633474514E-004 -0.80750296588632764     
   1.7249999999999961       -1.2466925385535206E-002 -0.80438423226682154     
   1.7399999999999960       -2.4508241446579190E-002 -0.80109652785795260     
   1.7549999999999959       -3.6498983207633250E-002 -0.79764122344796684     
   1.7699999999999958       -4.8436647153038956E-002 -0.79401972233295726     
   1.7849999999999957       -6.0318751057661497E-002 -0.79023345988004334     
   1.7999999999999956       -7.2142834464644034E-002 -0.78628390308498286     
   1.8149999999999955       -8.3906459156485272E-002 -0.78217255012433717     
   1.8299999999999954       -9.5607209619359368E-002 -0.77790092990230975     
   1.8449999999999953      -0.10724269350059924      -0.77347060159238068     
   1.8599999999999952      -0.11881054205926615      -0.76888315417385877     
   1.8749999999999951      -0.13030841060973020      -0.76414020596347509     
   1.8899999999999950      -0.14173397895818832      -0.75924340414214098     
   1.9049999999999949      -0.15308495183204815      -0.75419442427699501     
   1.9199999999999948      -0.16435905930210803      -0.74899496983886504     
   1.9349999999999947      -0.17555405719746536      -0.74364677171526883     
   1.9499999999999946      -0.18666772751308733      -0.73815158771908107     
   1.9649999999999945      -0.19769787880997983      -0.73251120209299247     
   1.9799999999999944      -0.20864234660789258      -0.72672742500988852     
   1.9949999999999943      -0.21949899377050008      -0.72080209206927437     
   2.0099999999999945      -0.23026571088300021      -0.71473706378987512     
   2.0249999999999946      -0.24094041662207369      -0.70853422509853858     
   2.0399999999999947      -0.25152105811815040      -0.70219548481557015     
   2.0549999999999948      -0.26200561130992966      -0.69572277513662750     
   2.0699999999999950      -0.27239208129110404      -0.68911805111130564     
   2.0849999999999951      -0.28267850264923755      -0.68238329011854093     
   2.0999999999999952      -0.29286293979675260      -0.67552049133896408     
   2.1149999999999953      -0.30294348729397930      -0.66853167522433199     
   2.1299999999999955      -0.31291827016422574      -0.66141888296416851     
   2.1449999999999956      -0.32278544420082772      -0.65418417594974476     
   2.1599999999999957      -0.33254319626613871      -0.64682963523552828     
   2.1749999999999958      -0.34218974458242363      -0.63935736099823259     
   2.1899999999999959      -0.35172333901462127      -0.63176947199359723     
   2.2049999999999961      -0.36114226134494187      -0.62406810501102838     
   2.2199999999999962      -0.37044482553926944      -0.61625541432623088     
   2.2349999999999963      -0.37962937800533908      -0.60833357115196207     
   2.2499999999999964      -0.38869429784266257      -0.60030476308703828     
   2.2649999999999966      -0.39763799708417641      -0.59217119356372305     
   2.2799999999999967      -0.40645892092958963      -0.58393508129362837     
   2.2949999999999968      -0.41515554797040982      -0.57559865971225865     
   2.3099999999999969      -0.42372639040662774      -0.56716417642232686     
   2.3249999999999971      -0.43216999425504332      -0.55863389263597285     
   2.3399999999999972      -0.44048493954921769      -0.55001008261601314     
   2.3549999999999973      -0.44866984053103731      -0.54129503311635152     
   2.3699999999999974      -0.45672334583387886      -0.53249104282167814     
   2.3849999999999976      -0.46464413865736504      -0.52360042178658750     
   2.3999999999999977      -0.47243093693370364      -0.51462549087424181     
   2.4149999999999978      -0.48008249348560383      -0.50556858119470804     
   2.4299999999999979      -0.48759759617576609      -0.49643203354309645     
   2.4449999999999981      -0.49497506804794322      -0.48721819783762682     
   2.4599999999999982      -0.50221376745957269      -0.47792943255774945     
   2.4749999999999983      -0.50931258820598235      -0.46856810418244615     
   2.4899999999999984      -0.51627045963617224      -0.45913658662883788     
   2.5049999999999986      -0.52308634676017873      -0.44963726069122251     
   2.5199999999999987      -0.52975925034802884      -0.44007251348066834     
   2.5349999999999988      -0.53628820702029234      -0.43044473786528631     
   2.5499999999999989      -0.54267228933024481      -0.42075633191130474     
   2.5649999999999991      -0.54891060583765294      -0.41100969832506817     
   2.5799999999999992      -0.55500230117419769      -0.40120724389608342     
   2.5949999999999993      -0.56094655610055200      -0.39135137894123267     
   2.6099999999999994      -0.56674258755513074      -0.38144451675027524     
   2.6249999999999996      -0.57238964869453413      -0.37148907303275697     
   2.6399999999999997      -0.57788702892570565      -0.36148746536644621     
   2.6549999999999998      -0.58323405392982886      -0.35144211264741515     
   2.6699999999999999      -0.58843008567798860      -0.34135543454188305     
   2.6850000000000001      -0.59347452243862353      -0.33122985093993851     
   2.7000000000000002      -0.59836679877679966      -0.32106778141125591     
   2.7150000000000003      -0.60310638554533491      -0.31087164466292150     
   2.7300000000000004      -0.60769278986780817      -0.30064385799948190     
   2.7450000000000006      -0.61212555511348576      -0.29038683678532923     
   2.7600000000000007      -0.61640426086420230      -0.28010299390953386     
   2.7750000000000008      -0.62052852287323312      -0.26979473925323622     
   2.7900000000000009      -0.62449799301619735      -0.25946447915970783     
   2.8050000000000010      -0.62831235923403250      -0.24911461590719008     
   2.8200000000000012      -0.63197134546808365      -0.23874754718461946     
   2.8350000000000013      -0.63547471158735003      -0.22836566557034546     
   2.8500000000000014      -0.63882225330793607      -0.21797135801394743     
   2.8650000000000015      -0.64201380210475356      -0.20756700532125510     
   2.8800000000000017      -0.64504922511552343      -0.19715498164267639     
   2.8950000000000018      -0.64792842503712822      -0.18673765396493497     
   2.9100000000000019      -0.65065134001436686      -0.17631738160631902     
   2.9250000000000020      -0.65321794352116480      -0.16589651571554145     
   2.9400000000000022      -0.65562824423429511      -0.15547739877431060     
   2.9550000000000023      -0.65788228589966635      -0.14506236410370901     
   2.9700000000000024      -0.65998014719123554      -0.13465373537447722     
   2.9850000000000025      -0.66192194156260475      -0.12425382612129769     
   3.0000000000000027      -0.66370781709136339      -0.11386493926117315     
   3.0150000000000028      -0.66533795631623638      -0.10348936661599197     
   3.0300000000000029      -0.66681257606710387       -9.3129388439372310E-002
   3.0450000000000030      -0.66813192728795545       -8.2787272947875259E-002
   3.0600000000000032      -0.66929629485284647       -7.2465275856675782E-002
   3.0750000000000033      -0.67030599737492280       -6.2165639919779109E-002
   3.0900000000000034      -0.67116138700858397       -5.1890594474868941E-002
   3.1050000000000035      -0.67186284924485429       -4.1642354992872138E-002
   3.1200000000000037      -0.67241080270003284       -3.1423122632323552E-002
   3.1350000000000038      -0.67280569889769626       -2.1235083798613032E-002
   3.1500000000000039      -0.67304802204412639       -1.1080409708195337E-002
   3.1650000000000040      -0.67313828879723958       -9.6125595784227365E-004
   3.1800000000000042      -0.67307704802909263        9.1202379009851266E-003
   3.1950000000000043      -0.67286488058204363        1.9161948782567946E-002
   3.2100000000000044      -0.67250239901864517        2.9161770482089261E-002
   3.2250000000000045      -0.67199024736535062        3.9117614085449080E-002
   3.2400000000000047      -0.67132910085011366        4.9027408373662290E-002
   3.2550000000000048      -0.67051966563396259        5.8889100221769089E-002
   3.2700000000000049      -0.66956267853663309        6.8700654992188845E-002
   3.2850000000000050      -0.66845890675634223        7.8460056922449839E-002
   3.3000000000000052      -0.66720914758378946        8.8165309507228909E-002
   3.3150000000000053      -0.66581422811047020        9.7814435874636424E-002
   3.3300000000000054      -0.66427500493138825       0.10740547915668368     
   3.3450000000000055      -0.66259236384225573       0.11693650285387128     
   3.3600000000000056      -0.66076721953126816       0.12640559119383865     
   3.3750000000000058      -0.65880051526554517       0.13581084948401634     
   3.3900000000000059      -0.65669322257232632       0.14515040445822433     
   3.4050000000000060      -0.65444634091501419       0.15442240461716122     
   3.4200000000000061      -0.65206089736415573       0.16362502056273082     
   3.4350000000000063      -0.64953794626345585       0.17275644532615372     
   3.4500000000000064      -0.64687856889091555       0.18181489468981404     
   3.4650000000000065      -0.64408387311519055       0.19079860750279193     
   3.4800000000000066      -0.64115499304726375       0.19970584599003488     
   3.4950000000000068      -0.63809308868752834       0.20853489605512232     
   3.5100000000000069      -0.63489934556837835       0.21728406757657923     
   3.5250000000000070      -0.63157497439240218       0.22595169469769655     
   3.5400000000000071      -0.62812121066627857       0.23453613610981758     
   3.5550000000000073      -0.62453931433047216       0.24303577532905110     
   3.5700000000000074      -0.62083056938482784       0.25144902096637384     
   3.5850000000000075      -0.61699628351016367       0.25977430699108617     
   3.6000000000000076      -0.61303778768596162       0.26801009298758705     
   3.6150000000000078      -0.60895643580425740       0.27615486440543513     
   3.6300000000000079      -0.60475360427982972       0.28420713280266552     
   3.6450000000000080      -0.60043069165679042       0.29216543608233225     
   3.6600000000000081      -0.59598911821167799       0.30002833872224904     
   3.6750000000000083      -0.59143032555315522       0.30779443199790230     
   3.6900000000000084      -0.58675577621841568       0.31546233419851144     
   3.7050000000000085      -0.58196695326639969       0.32303069083621405     
   3.7200000000000086      -0.57706535986792518       0.33049817484835448     
   3.7350000000000088      -0.57205251889283537       0.33786348679285622     
   3.7500000000000089      -0.56692997249426813       0.34512535503666025     
   3.7650000000000090      -0.56169928169015115       0.35228253593721276     
   3.7800000000000091      -0.55636202594202622       0.35933381401698761     
   3.7950000000000093      -0.55091980273130903       0.36627800213103051     
   3.8100000000000094      -0.54537422713308747       0.37311394162751321     
   3.8250000000000095      -0.53972693138756411       0.37984050250128792     
   3.8400000000000096      -0.53397956446924844       0.38645658354043388     
   3.8550000000000098      -0.52813379165400320       0.39296111246578880     
   3.8700000000000099      -0.52219129408405018       0.39935304606346084     
   3.8850000000000100      -0.51615376833104121       0.40563137031031699     
   3.9000000000000101      -0.51002292595729992       0.41179510049244650     
   3.9150000000000102      -0.50380049307533836       0.41784328131659865     
   3.9300000000000104      -0.49748820990575543       0.42377498701459643     
   3.9450000000000105      -0.49108783033362158       0.42958932144072853     
   3.9600000000000106      -0.48460112146345524       0.43528541816212474     
   3.9750000000000107      -0.47802986317289609       0.44086244054211993     
   3.9900000000000109      -0.47137584766518070       0.44631958181661496     
   4.0050000000000106      -0.46464087902052498       0.45165606516344275     
   4.0200000000000102      -0.45782677274651856       0.45687114376475085     
   4.0350000000000099      -0.45093535532763590       0.46196410086241196     
   4.0500000000000096      -0.44396846377396815       0.46693424980647685     
   4.0650000000000093      -0.43692794516928068       0.47178093409668398     
   4.0800000000000090      -0.42981565621849965       0.47650352741704322     
   4.0950000000000086      -0.42263346279473174       0.48110143366351116     
   4.1100000000000083      -0.41538323948592043       0.48557408696477844     
   4.1250000000000080      -0.40806686914124213       0.48992095169618938     
   4.1400000000000077      -0.40068624241734468       0.49414152248681709     
   4.1550000000000074      -0.39324325732453097       0.49823532421971783     
   4.1700000000000070      -0.38573981877298985       0.50220191202539022     
   4.1850000000000067      -0.37817783811917588       0.50604087126846586     
   4.2000000000000064      -0.37055923271243918       0.50975181752766052     
   4.2150000000000061      -0.36288592544200660       0.51333439656901425     
   4.2300000000000058      -0.35515984428441433       0.51678828431245316     
   4.2450000000000054      -0.34738292185149189       0.52011318679170404     
   4.2600000000000051      -0.33955709493899711       0.52330884010759637     
   4.2750000000000048      -0.33168430407600102       0.52637501037478696     
   4.2900000000000045      -0.32376649307512090       0.52931149366194341     
   4.3050000000000042      -0.31580560858369933       0.53211811592542468     
   4.3200000000000038      -0.30780359963602677       0.53479473293649815     
   4.3350000000000035      -0.29976241720670382       0.53734123020213276     
   4.3500000000000032      -0.29168401376523984       0.53975752287941148     
   4.3650000000000029      -0.28357034283198257       0.54204355568360507     
   4.3800000000000026      -0.27542335853547434       0.54419930278995188     
   4.3950000000000022      -0.26724501517132815       0.54622476772918949     
   4.4100000000000019      -0.25903726676271754       0.54811998327688494     
   4.4250000000000016      -0.25080206662257271       0.54988501133661127     
   4.4400000000000013      -0.24254136691757458       0.55151994281702021     
   4.4550000000000010      -0.23425711823403872       0.55302489750286088     
   4.4700000000000006      -0.22595126914577859       0.55440002391999688     
   4.4850000000000003      -0.21762576578403847       0.55564549919447370     
   4.5000000000000000      -0.20928255140958463       0.55676152890569075     
   4.5149999999999997      -0.20092356598704275       0.55774834693373354     
   4.5299999999999994      -0.19255074576156883       0.55860621530092103     
   4.5449999999999990      -0.18416602283793987       0.55933542400762659     
   4.5599999999999987      -0.17577132476214993       0.55993629086242991     
   4.5749999999999984      -0.16736857410559597       0.56040916130666019     
   4.5899999999999981      -0.15895968805193719       0.56075440823338962     
   4.6049999999999978      -0.15054657798671089       0.56097243180094014     
   4.6199999999999974      -0.14213114908978625       0.56106365924096480     
   4.6349999999999971      -0.13371529993073739       0.56102854466116781     
   4.6499999999999968      -0.12530092206721527       0.56086756884272659     
   4.6649999999999965      -0.11688989964639776       0.56058123903248303     
   4.6799999999999962      -0.10848410900959550       0.56017008872996787     
   4.6949999999999958      -0.10008541830009079       0.55963467746932760     
   4.7099999999999955       -9.1695687074285465E-002  0.55897559059621993     
   4.7249999999999952       -8.3316765916232424E-002  0.55819343903974850     
   4.7399999999999949       -7.4950496055625190E-002  0.55728885907950565     
   4.7549999999999946       -6.6598708989317856E-002  0.55626251210779365     
   4.7699999999999942       -5.8263226106447533E-002  0.55511508438709689     
   4.7849999999999939       -4.9945858317229842E-002  0.55384728680287620     
   4.7999999999999936       -4.1648405685497138E-002  0.55245985461175884     
   4.8149999999999933       -3.3372657065047960E-002  0.55095354718519796     
   4.8299999999999930       -2.5120389739875088E-002  0.54932914774867614     
   4.8449999999999926       -1.6893369068338507E-002  0.54758746311652751     
   4.8599999999999923       -8.6933481313484079E-003  0.54572932342245561     
   4.8749999999999920       -5.2206738462225698E-004  0.54375558184582251     
   4.8899999999999917        7.6187456849212704E-003  0.54166711433378734     
   4.9049999999999914        1.5727376898569782E-002  0.53946481931937140     
   4.9199999999999910        2.3802125720965558E-002  0.53714961743552925     
   4.9349999999999907        3.1841305590935592E-002  0.53472245122530393     
   4.9499999999999904        3.9843244247945026E-002  0.53218428484814706     
   4.9649999999999901        4.7806284054117174E-002  0.52953610378248350     
   4.9799999999999898        5.5728782311764355E-002  0.52677891452460179     
   4.9949999999999894        6.3609111576374999E-002  0.52391374428395121     
   5.0099999999999891        7.1445659965003780E-002  0.52094164067492799     
   5.0249999999999888        7.9236831460012772E-002  0.51786367140523271     
   5.0399999999999885        8.6981046208112700E-002  0.51468092396088150     
   5.0549999999999882        9.4676740814654825E-002  0.51139450528795483     
   5.0699999999999878       0.10232236863312510       0.50800554147116694     
   5.0849999999999875       0.10991640004979357       0.50451517740934082     
   5.0999999999999872       0.11745732276347313       0.50092457648787203     
   5.1149999999999869       0.12494364206034335       0.49723492024826765     
   5.1299999999999866       0.13237388108379580       0.49344740805484399     
   5.1449999999999863       0.13974658109925925       0.48956325675866991     
   5.1599999999999859       0.14706030175396365       0.48558370035884041     
   5.1749999999999856       0.15431362133160398       0.48150998966116748     
   5.1899999999999853       0.16150513700186556       0.47734339193437392     
   5.2049999999999850       0.16863346506477392       0.47308519056387677     
   5.2199999999999847       0.17569724118983412       0.46873668470324731     
   5.2349999999999843       0.18269512064992496       0.46429918892343469     
   5.2499999999999840       0.18962577854991527       0.45977403285983981     
   5.2649999999999837       0.19648791004997090       0.45516256085732737     
   5.2799999999999834       0.20328023058352182       0.45046613161326321     
   5.2949999999999831       0.21000147606986053       0.44568611781866446     
   5.3099999999999827       0.21665040312134420       0.44082390579755037     
   5.3249999999999824       0.22322578924517411       0.43588089514458128     
   5.3399999999999821       0.22972643303972728       0.43085849836107371     
   5.3549999999999818       0.23615115438541684       0.42575814048947941     
   5.3699999999999815       0.24249879463005847       0.42058125874641605     
   5.3849999999999811       0.24876821676872213       0.41532930215433744     
   5.3999999999999808       0.25495830561804905       0.41000373117193112     
   5.4149999999999805       0.26106796798501591       0.40460601732333118     
   5.4299999999999802       0.26709613283012851       0.39913764282623376     
   5.4449999999999799       0.27304175142502984       0.39360010021900310     
   5.4599999999999795       0.27890379750450756       0.38799489198685555     
   5.4749999999999792       0.28468126741288780       0.38232353018720899     
   5.4899999999999789       0.29037318024480374       0.37658753607428480     
   5.5049999999999786       0.29597857798032789       0.37078843972304959     
   5.5199999999999783       0.30149652561445922       0.36492777965258361     
   5.5349999999999779       0.30692611128095698       0.35900710244896267     
   5.5499999999999776       0.31226644637051482       0.35302796238773970     
   5.5649999999999773       0.31751666564326941       0.34699192105611282     
   5.5799999999999770       0.32267592733563993       0.34090054697486533     
   5.5949999999999767       0.32774341326149553       0.33475541522016372     
   5.6099999999999763       0.33271832890764907       0.32855810704529931     
   5.6249999999999760       0.33759990352367725       0.32231020950245831     
   5.6399999999999757       0.34238739020606790       0.31601331506460523     
   5.6549999999999754       0.34708006597669699       0.30966902124756440     
   5.6699999999999751       0.35167723185563893       0.30327893023238345     
   5.6849999999999747       0.35617821292831470       0.29684464848806241     
   5.6999999999999744       0.36058235840698455       0.29036778639473232     
   5.7149999999999741       0.36488904168659192       0.28384995786736567     
   5.7299999999999738       0.36909766039496783       0.27729277998010143     
   5.7449999999999735       0.37320763643740501       0.27069787259126699     
   5.7599999999999731       0.37721841603561324       0.26406685796917806     
   5.7749999999999728       0.38112946976106793       0.25740136041879835     
   5.7899999999999725       0.38494029256276574       0.25070300590933881     
   5.8049999999999722       0.38865040378940158       0.24397342170287747     
   5.8199999999999719       0.39225934720598293       0.23721423598407870     
   5.8349999999999715       0.39576669100489908       0.23042707749109137     
   5.8499999999999712       0.39917202781146277       0.22361357514770414     
   5.8649999999999709       0.40247497468394428       0.21677535769683604     
   5.8799999999999706       0.40567517310811846       0.20991405333543944     
   5.8949999999999703       0.40877228898634616       0.20303128935089210     
   5.9099999999999699       0.41176601262121326       0.19612869175895456     
   5.9249999999999696       0.41465605869375133       0.18920788494336824     
   5.9399999999999693       0.41744216623626512       0.18227049129716894     
   5.9549999999999690       0.42012409859979272       0.17531813086578998     
   5.9699999999999687       0.42270164341622662       0.16835242099202846     
   5.9849999999999683       0.42517461255512340       0.16137497596294731     
   5.9999999999999680       0.42754284207523191       0.15438740665878520     
   6.0149999999999677       0.42980619217077082       0.14739132020394569     
   6.0299999999999674       0.43196454711248677       0.14038831962013618     
   6.0449999999999671       0.43401781518352639       0.13338000348172649     
   6.0599999999999667       0.43596592861015560       0.12636796557339622     
   6.0749999999999664       0.43780884348736143       0.11935379455013910     
   6.0899999999999661       0.43954653969937174       0.11233907359969206     
   6.1049999999999658       0.44117902083513022       0.10532538010745549     
   6.1199999999999655       0.44270631409876415        9.8314285323970810E-002
   6.1349999999999651       0.44412847021508395        9.1307354035020438E-002
   6.1499999999999648       0.44544556333015417        8.4306144234414321E-002
   6.1649999999999645       0.44665769090697721        7.7312206799526537E-002
   6.1799999999999642       0.44776497361633066        7.0327085169644546E-002
   6.1949999999999639       0.44876755522280160        6.3352315027192768E-002
   6.2099999999999635       0.44966560246606108        5.6389423981891333E-002
   6.2249999999999632       0.45045930493742353        4.9439931257909915E-002
   6.2399999999999629       0.45114887495173617        4.2505347384075749E-002
   6.2549999999999626       0.45173454741464475        3.5587173887193929E-002
   6.2699999999999623       0.45221657968528306        2.8686902988537252E-002
   6.2849999999999620       0.45259525143443369        2.1806017303561832E-002
   6.2999999999999616       0.45287086449820901        1.4945989544903938E-002
   6.3149999999999613       0.45304374272730230        8.1082822287124011E-003
   6.3299999999999610       0.45311423183185900        1.2943473843700900E-003
   6.3449999999999607       0.45308269922201971       -5.4943737323430398E-003
   6.3599999999999604       0.45294953384418651       -1.2256450922593809E-002
   6.3749999999999600       0.45271514601306595       -1.8990465324296015E-002
   6.3899999999999597       0.45237996723954166       -2.5695009688317397E-002
   6.4049999999999594       0.45194445005443135       -3.2368688651044801E-002
   6.4199999999999591       0.45140906782818258       -3.9010119003259958E-002
   6.4349999999999588       0.45077431458656392       -4.5617929955279274E-002
   6.4499999999999584       0.45004070482240666       -5.2190763398312148E-002
   6.4649999999999581       0.44920877330345532       -5.8727274161993172E-002
   6.4799999999999578       0.44827907487638391       -6.5226130268044774E-002
   6.4949999999999575       0.44725218426703645       -7.1686013180027847E-002
   6.5099999999999572       0.44612869587695114       -7.8105618049138792E-002
   6.5249999999999568       0.44490922357622709       -8.4483653956012719E-002
   6.5399999999999565       0.44359440049279453       -9.0818844148493338E-002
   6.5549999999999562       0.44218487879814883       -9.7109926275331354E-002
   6.5699999999999559       0.44068132948960970      -0.10335565261577399     
   6.5849999999999556       0.43908444216916787      -0.10955479030500960     
   6.5999999999999552       0.43739492481898101      -0.11570612155543207     
   6.6149999999999549       0.43561350357358281      -0.12180844387369123     
   6.6299999999999546       0.43374092248886742      -0.12786057027349601     
   6.6449999999999543       0.43177794330791458      -0.13386132948413867     
   6.6599999999999540       0.42972534522371864      -0.13980956615470921     
   6.6749999999999536       0.42758392463888723      -0.14570414105397014     
   6.6899999999999533       0.42535449492237432      -0.15154393126586321     
   6.7049999999999530       0.42303788616331367      -0.15732783038062029     
   6.7199999999999527       0.42063494492201886      -0.16305474868145198     
   6.7349999999999524       0.41814653397821611      -0.16872361332678876     
   6.7499999999999520       0.41557353207657721      -0.17433336852805026     
   6.7649999999999517       0.41291683366961945      -0.17988297572291939     
   6.7799999999999514       0.41017734865804034      -0.18537141374409932     
   6.7949999999999511       0.40735600212855494      -0.19079767898353248     
   6.8099999999999508       0.40445373408930418      -0.19616078555206137     
   6.8249999999999504       0.40147149920290248      -0.20145976543451272     
   6.8399999999999501       0.39841026651719347      -0.20669366864018687     
   6.8549999999999498       0.39527101919378310      -0.21186156334873638     
   6.8699999999999495       0.39205475423441921      -0.21696253605141769     
   6.8849999999999492       0.38876248220528697      -0.22199569168770203     
   6.8999999999999488       0.38539522695929035      -0.22696015377723183     
   6.9149999999999485       0.38195402535638878      -0.23185506454711066     
   6.9299999999999482       0.37843992698206003      -0.23667958505451545     
   6.9449999999999479       0.37485399386395857      -0.24143289530462114     
   6.9599999999999476       0.37119730018684083      -0.24611419436382856     
   6.9749999999999472       0.36747093200582664      -0.25072270046828793     
   6.9899999999999469       0.36367598695806880      -0.25525765112771115     
   7.0049999999999466       0.35981357397290037      -0.25971830322446698     
   7.0199999999999463       0.35588481298053121      -0.26410393310795499     
   7.0349999999999460       0.35189083461936416      -0.26841383668425434     
   7.0499999999999456       0.34783277994200201      -0.27264732950104487     
   7.0649999999999453       0.34371180012001629      -0.27680374682779979     
   7.0799999999999450       0.33952905614754830      -0.28088244373124871     
   7.0949999999999447       0.33528571854381400      -0.28488279514611270     
   7.1099999999999444       0.33098296705458302      -0.28880419594111228     
   7.1249999999999440       0.32662199035270323      -0.29264606098025220     
   7.1399999999999437       0.32220398573774139      -0.29640782517938585     
   7.1549999999999434       0.31773015883481048      -0.30008894355806531     
   7.1699999999999431       0.31320172329265494      -0.30368889128668225     
   7.1849999999999428       0.30861990048106386      -0.30720716372890716     
   7.1999999999999424       0.30398591918768286      -0.31064327647943468     
   7.2149999999999421       0.29930101531429487      -0.31399676539704446     
   7.2299999999999418       0.29456643157264017      -0.31726718663298747     
   7.2449999999999415       0.28978341717984557      -0.32045411665470858     
   7.2599999999999412       0.28495322755353264      -0.32355715226491838     
   7.2749999999999408       0.28007712400667473      -0.32657591061602637     
   7.2899999999999405       0.27515637344227212      -0.32951002921995026     
   7.3049999999999402       0.27019224804791458      -0.33235916595331644     
   7.3199999999999399       0.26518602499030058      -0.33512299905806753     
   7.3349999999999396       0.26013898610978148      -0.33780122713749394     
   7.3499999999999392       0.25505241761499964      -0.34039356914770791     
   7.3649999999999389       0.24992760977768838      -0.34289976438457859     
   7.3799999999999386       0.24476585662770192      -0.34531957246614836     
   7.3949999999999383       0.23956845564834275      -0.34765277331055089     
   7.4099999999999380       0.23433670747205390      -0.34989916710945318     
   7.4249999999999376       0.22907191557654288      -0.35205857429704412     
   7.4399999999999373       0.22377538598140426      -0.35413083551459290     
   7.4549999999999370       0.21844842694530675      -0.35611581157060246     
   7.4699999999999367       0.21309234866381097      -0.35801338339658262     
   7.4849999999999364       0.20770846296788323      -0.35982345199846999     
   7.4999999999999361       0.20229808302317059      -0.36154593840372146     
   7.5149999999999357       0.19686252303010171      -0.36318078360410910     
   7.5299999999999354       0.19140309792487786      -0.36472794849424611     
   7.5449999999999351       0.18592112308141792      -0.36618741380587283     
   7.5599999999999348       0.18041791401432056      -0.36755918003793420     
   7.5749999999999345       0.17489478608290679      -0.36884326738247925     
   7.5899999999999341       0.16935305419640506      -0.37003971564641586     
   7.6049999999999338       0.16379403252034097      -0.37114858416915297     
   7.6199999999999335       0.15821903418419292      -0.37216995173616496     
   7.6349999999999332       0.15262937099037463      -0.37310391648851216     
   7.6499999999999329       0.14702635312460516      -0.37395059582835322     
   7.6649999999999325       0.14141128886772580      -0.37471012632048600     
   7.6799999999999322       0.13578548430902365      -0.37538266358995309     
   7.6949999999999319       0.13015024306112022      -0.37596838221575035     
   7.7099999999999316       0.12450686597648347      -0.37646747562067678     
   7.7249999999999313       0.11885665086562081      -0.37688015595736474     
   7.7399999999999309       0.11320089221700999      -0.37720665399053049     
   7.7549999999999306       0.10754088091882441      -0.37744721897548583     
   7.7699999999999303       0.10187790398250841      -0.37760211853295172     
   7.7849999999999300        9.6213244268257975E-002 -0.37767163852021635     
   7.7999999999999297        9.0548180212461096E-002 -0.37765608289867963     
   7.8149999999999293        8.4883985557151903E-002 -0.37755577359782810     
   7.8299999999999290        7.9221929081531584E-002 -0.37737105037568369     
   7.8449999999999287        7.3563274335608789E-002 -0.37710227067577073     
   7.8599999999999284        6.7909279376011336E-002 -0.37674980948064707     
   7.8749999999999281        6.2261196504020455E-002 -0.37631405916204425     
   7.8899999999999277        5.6620272005878061E-002 -0.37579542932766358     
   7.9049999999999274        5.0987745895416867E-002 -0.37519434666467483     
   7.9199999999999271        4.5364851659062469E-002 -0.37451125477996516     
   7.9349999999999268        3.9752816003255746E-002 -0.37374661403718634     
   7.9499999999999265        3.4152858604343299E-002 -0.37290090139064841     
   7.9649999999999261        2.8566191860982783E-002 -0.37197461021610967     
   7.9799999999999258        2.2994020649109385E-002 -0.37096825013851192     
   7.9949999999999255        1.7437542079508875E-002 -0.36988234685671140     
   8.0099999999999252        1.1897945258041890E-002 -0.36871744196525585     
   8.0249999999999257        6.3764110485634096E-003 -0.36747409277325926     
   8.0399999999999263        8.7411183858056296E-004 -0.36615287212042502     
   8.0549999999999269       -4.6077886923088706E-003 -0.36475436819027013     
   8.0699999999999275       -1.0068135801155642E-002 -0.36327918432060269     
   8.0849999999999280       -1.5505783907535108E-002 -0.36172793881130549     
   8.0999999999999286       -2.0919596816520197E-002 -0.36010126472947901     
   8.1149999999999292       -2.6308447938712037E-002 -0.35839980971199725     
   8.1299999999999297       -3.1671220507289870E-002 -0.35662423576553076     
   8.1449999999999303       -3.7006807792042636E-002 -0.35477521906409104     
   8.1599999999999309       -4.2314113310345500E-002 -0.35285344974415106     
   8.1749999999999314       -4.7592051035045338E-002 -0.35085963169739720     
   8.1899999999999320       -5.2839545599220071E-002 -0.34879448236116756     
   8.2049999999999326       -5.8055532497777590E-002 -0.34665873250663282     
   8.2199999999999331       -6.3238958285860819E-002 -0.34445312602477562     
   8.2349999999999337       -6.8388780774026270E-002 -0.34217841971022428     
   8.2499999999999343       -7.3503969220164417E-002 -0.33983538304299821     
   8.2649999999999348       -7.8583504518130898E-002 -0.33742479796822111     
   8.2799999999999354       -8.3626379383058572E-002 -0.33494745867385950     
   8.2949999999999360       -8.8631598533321157E-002 -0.33240417136654377     
   8.3099999999999365       -9.3598178869120197E-002 -0.32979575404552913     
   8.3249999999999371       -9.8525149647667842E-002 -0.32712303627485440     
   8.3399999999999377      -0.10341155265493884      -0.32438685895375630     
   8.3549999999999383      -0.10825644237396606      -0.32158807408539775     
   8.3699999999999388      -0.11305888614965462      -0.31872754454396790     
   8.3849999999999394      -0.11781796435009069      -0.31580614384021255     
   8.3999999999999400      -0.12253277052432182      -0.31282475588545372     
   8.4149999999999405      -0.12720241155658668      -0.30978427475415654     
   8.4299999999999411      -0.13182600781697260      -0.30668560444510268     
   8.4449999999999417      -0.13640269330848084      -0.30352965864122861     
   8.4599999999999422      -0.14093161581047967      -0.30031736046818841     
   8.4749999999999428      -0.14541193701852664      -0.29704964225169939     
   8.4899999999999434      -0.14984283268054246      -0.29372744527372990     
   8.5049999999999439      -0.15422349272931918      -0.29035171952758848     
   8.5199999999999445      -0.15855312141134692      -0.28692342347197319     
   8.5349999999999451      -0.16283093741194402      -0.28344352378404064     
   8.5499999999999456      -0.16705617397667605      -0.27991299511155338     
   8.5649999999999462      -0.17122807902905060      -0.27633281982416519     
   8.5799999999999468      -0.17534591528447524      -0.27270398776390320     
   8.5949999999999473      -0.17940896036046705      -0.26902749599490550     
   8.6099999999999479      -0.18341650688310299      -0.26530434855247409     
   8.6249999999999485      -0.18736786258970126      -0.26153555619150115     
   8.6399999999999491      -0.19126235042772485      -0.25772213613432798     
   8.6549999999999496      -0.19509930864989899      -0.25386511181809557     
   8.6699999999999502      -0.19887809090553538      -0.24996551264164468     
   8.6849999999999508      -0.20259806632805694      -0.24602437371202487     
   8.6999999999999513      -0.20625861961871772      -0.24204273559067008     
   8.7149999999999519      -0.20985915112651315      -0.23802164403929951     
   8.7299999999999525      -0.21339907692427726      -0.23396214976560176     
   8.7449999999999530      -0.21687782888096374      -0.22986530816876005     
   8.7599999999999536      -0.22029485473010918      -0.22573217908487642     
   8.7749999999999542      -0.22364961813447726      -0.22156382653235226     
   8.7899999999999547      -0.22694159874688352      -0.21736131845728285     
   8.8049999999999553      -0.23017029226720181      -0.21312572647892256     
   8.8199999999999559      -0.23333521049555328      -0.20885812563527806     
   8.8349999999999564      -0.23643588138168078      -0.20455959412888597     
   8.8499999999999570      -0.23947184907051167      -0.20023121307283134     
   8.8649999999999576      -0.24244267394391292      -0.19587406623706316     
   8.8799999999999581      -0.24534793265864363      -0.19148923979506277     
   8.8949999999999587      -0.24818721818051059      -0.18707782207092064     
   8.9099999999999593      -0.25096013981473336      -0.18264090328687699     
   8.9249999999999599      -0.25366632323252614      -0.17817957531138096     
   8.9399999999999604      -0.25630541049390504      -0.17369493140772313     
   8.9549999999999610      -0.25887706006672939      -0.16918806598329569     
   8.9699999999999616      -0.26138094684198671      -0.16466007433953417     
   8.9849999999999621      -0.26381676214533267      -0.16011205242259435     
   8.9999999999999627      -0.26618421374489687      -0.15554509657481758     
   9.0149999999999633      -0.26848302585536676      -0.15096030328703736     
   9.0299999999999638      -0.27071293913836286      -0.14635876895177979     
   9.0449999999999644      -0.27287371069911909      -0.14174158961740979     
   9.0599999999999650      -0.27496511407948260      -0.13710986074327475     
   9.0749999999999655      -0.27698693924724871      -0.13246467695589717     
   9.0899999999999661      -0.27893899258184673      -0.12780713180626666     
   9.1049999999999667      -0.28082109685639384      -0.12313831752828207     
   9.1199999999999672      -0.28263309121613445      -0.11845932479839354     
   9.1349999999999678      -0.28437483115328371      -0.11377124249649390     
   9.1499999999999684      -0.28604618847829377      -0.10907515746810856     
   9.1649999999999689      -0.28764705128756318      -0.10437215428793238     
   9.1799999999999695      -0.28917732392760959       -9.9663315024761612E-002
   9.1949999999999701      -0.29063692695572729       -9.4949719007868388E-002
   9.2099999999999707      -0.29202579709715137       -9.0232442594864931E-002
   9.2249999999999712      -0.29334388719875149       -8.5512558941104017E-002
   9.2399999999999718      -0.29459116617927822       -8.0791137770661700E-002
   9.2549999999999724      -0.29576761897618653       -7.6069245148947806E-002
   9.2699999999999729      -0.29687324648906066       -7.1347943256989191E-002
   9.2849999999999735      -0.29790806551966637       -6.6628290167430201E-002
   9.2999999999999741      -0.29887210870865610       -6.1911339622294191E-002
   9.3149999999999746      -0.29976542446895404       -5.7198140812549390E-002
   9.3299999999999752      -0.30058807691584871       -5.2489738159521945E-002
   9.3449999999999758      -0.30134014579382068       -4.7787171098198238E-002
   9.3599999999999763      -0.30202172640013414       -4.3091473862458117E-002
   9.3749999999999769      -0.30263292950522203       -3.8403675272280023E-002
   9.3899999999999775      -0.30317388126989403       -3.3724798522958434E-002
   9.4049999999999780      -0.30364472315939822       -2.9055860976373409E-002
   9.4199999999999786      -0.30404561185436746       -2.4397873954351470E-002
   9.4349999999999792      -0.30437671915868203       -1.9751842534156336E-002
   9.4499999999999797      -0.30463823190428102       -1.5118765346147523E-002
   9.4649999999999803      -0.30483035185295487       -1.0499634373644109E-002
   9.4799999999999809      -0.30495329559515266       -5.8954347550303548E-003
   9.4949999999999815      -0.30500729444583830       -1.3071445881392410E-003
   9.5099999999999820      -0.30499259433742931        3.2642652630506842E-003
   9.5249999999999826      -0.30490945570985417        7.8178313593703797E-003
   9.5399999999999832      -0.30475815339776263        1.2352597875033233E-002
   9.5549999999999837      -0.30453897651492590        1.6867616783792387E-002
   9.5699999999999843      -0.30425222833586257        2.1361948042649688E-002
   9.5849999999999849      -0.30389822617472767        2.5834659773084211E-002
   9.5999999999999854      -0.30347730126150191        3.0284828439768895E-002
   9.6149999999999860      -0.30298979861551917        3.4711539026744592E-002
   9.6299999999999866      -0.30243607691637087        3.9113885211021451E-002
   9.6449999999999871      -0.30181650837222562        4.3490969533578318E-002
   9.6599999999999877      -0.30113147858560363        4.7841903567731450E-002
   9.6749999999999883      -0.30038138641664547        5.2165808084844612E-002
   9.6899999999999888      -0.29956664384391529        5.6461813217353274E-002
   9.7049999999999894      -0.29868767582277900        6.0729058619076334E-002
   9.7199999999999900      -0.29774492014139831        6.4966693622789590E-002
   9.7349999999999905      -0.29673882727438183        6.9173877395035693E-002
   9.7499999999999911      -0.29566986023413488        7.3349779088146314E-002
   9.7649999999999917      -0.29453849441995000        7.7493577989452708E-002
   9.7799999999999923      -0.29334521746488068        8.1604463667661720E-002
   9.7949999999999928      -0.29209052908044070        8.5681636116374985E-002
   9.8099999999999934      -0.29077494089917233        8.9724305894729767E-002
   9.8249999999999940      -0.28939897631512645        9.3731694265140650E-002
   9.8399999999999945      -0.28796317032229873        9.7703033328121941E-002
   9.8549999999999951      -0.28646806935106522       0.10163756615417154     
   9.8699999999999957      -0.28491423110266206       0.10553454691269751     
   9.8849999999999962      -0.28330222438175329       0.10939324099796967     
   9.8999999999999968      -0.28163262892713214       0.11321292515207877     
   9.9149999999999974      -0.27990603524060015       0.11699288758488717     
   9.9299999999999979      -0.27812304441407004       0.12073242809095504     
   9.9449999999999985      -0.27628426795493710       0.12443085816342739     
   9.9599999999999991      -0.27439032760976551       0.12808750110486752     
   9.9749999999999996      -0.27244185518633490       0.13170169213502367     
   9.9900000000000002      -0.27043949237409354       0.13527277849551583     
   10.005000000000001      -0.26838389056306439       0.13880011955143101     
   10.020000000000001      -0.26627571066125072       0.14228308688981561     
   10.035000000000002      -0.26411562291058721       0.14572106441505445     
   10.050000000000002      -0.26190430670148424       0.14911344844112645     
   10.065000000000003      -0.25964245038601158       0.15245964778072835     
   10.080000000000004      -0.25733075108976877       0.15575908383125783     
   10.095000000000004      -0.25496991452248940       0.15901119065764863     
   10.110000000000005      -0.25256065478742662       0.16221541507205070     
   10.125000000000005      -0.25010369418956702       0.16537121671034963     
   10.140000000000006      -0.24759976304272033       0.16847806810551957     
   10.155000000000006      -0.24504959947553295       0.17153545475780543     
   10.170000000000007      -0.24245394923647232       0.17454287520173006     
   10.185000000000008      -0.23981356549782998       0.17749984106992367     
   10.200000000000008      -0.23712920865879122       0.18040587715377268     
   10.215000000000009      -0.23440164614761866       0.18326052146088648     
   10.230000000000009      -0.23163165222299786       0.18606332526938116     
   10.245000000000010      -0.22882000777459247       0.18881385317897972     
   10.260000000000010      -0.22596750012285677       0.19151168315892936     
   10.275000000000011      -0.22307492281815333       0.19415640659273697     
   10.290000000000012      -0.22014307543922346       0.19674762831972475     
   10.305000000000012      -0.21717276339105815       0.19928496667340831     
   10.320000000000013      -0.21416479770221722       0.20176805351670071     
   10.335000000000013      -0.21111999482164409       0.20419653427394654     
   10.350000000000014      -0.20803917641502392       0.20657006795979033     
   10.365000000000014      -0.20492316916073228       0.20888832720488490     
   10.380000000000015      -0.20177280454542193       0.21115099827844588     
   10.395000000000016      -0.19858891865929496       0.21335778110765868     
   10.410000000000016      -0.19537235199110725       0.21550838929394575     
   10.425000000000017      -0.19212394922295251       0.21760255012610200     
   10.440000000000017      -0.18884455902487274       0.21964000459030722     
   10.455000000000018      -0.18553503384934175       0.22162050737702504     
   10.470000000000018      -0.18219622972566865       0.22354382688479824     
   10.485000000000019      -0.17882900605436750       0.22540974522095156     
   10.500000000000020      -0.17543422540153952       0.22721805819921317     
   10.515000000000020      -0.17201275329331420       0.22896857533426690     
   10.530000000000021      -0.16856545801039477       0.23066111983324797     
   10.545000000000021      -0.16509321038275437       0.23229552858419572     
   10.560000000000022      -0.16159688358452798       0.23387165214147693     
   10.575000000000022      -0.15807735292914568       0.23538935470819486     
   10.590000000000023      -0.15453549566475230       0.23684851411559876     
   10.605000000000024      -0.15097219076995833       0.23824902179951005     
   10.620000000000024      -0.14738831874996666       0.23959078277378143     
   10.635000000000025      -0.14378476143311969       0.24087371560080612     
   10.650000000000025      -0.14016240176791062       0.24209775235909467     
   10.665000000000026      -0.13652212362050320       0.24326283860793804     
   10.680000000000026      -0.13286481157280311       0.24436893334917517     
   10.695000000000027      -0.12919135072112445       0.24541600898608507     
   10.710000000000027      -0.12550262647549437       0.24640405127942297     
   10.725000000000028      -0.12179952435963834       0.24733305930062141     
   10.740000000000029      -0.11808292981168857       0.24820304538217725     
   10.755000000000029      -0.11435372798565767       0.24901403506524611     
   10.770000000000030      -0.11061280355371908       0.24976606704446688     
   10.785000000000030      -0.10686104050933586       0.25045919311003867     
   10.800000000000031      -0.10309932197127872       0.25109347808707361     
   10.815000000000031       -9.9328529988574096E-002  0.25166899977224955     
   10.830000000000032       -9.5549545346422515E-002  0.25218584886778644     
   10.845000000000033       -9.1763247373127188E-002  0.25264412891277188     
   10.860000000000033       -8.7970513748072521E-002  0.25304395621186082     
   10.875000000000034       -8.4172220310791593E-002  0.25338545976137522     
   10.890000000000034       -8.0369240871161526E-002  0.25366878117283009     
   10.905000000000035       -7.6562447020765062E-002  0.25389407459391294     
   10.920000000000035       -7.2752707945456407E-002  0.25406150662694343     
   10.935000000000036       -6.8940890239168898E-002  0.25417125624484127     
   10.950000000000037       -6.5127857719001647E-002  0.25422351470463073     
   10.965000000000037       -6.1314471241621912E-002  0.25421848545851006     
   10.980000000000038       -5.7501588521019546E-002  0.25415638406251495     
   10.995000000000038       -5.3690063947649323E-002  0.25403743808280588     
   11.010000000000039       -4.9880748408996589E-002  0.25386188699960893     
   11.025000000000039       -4.6074489111601225E-002  0.25362998210884058     
   11.040000000000040       -4.2272129404574400E-002  0.25334198642144706     
   11.055000000000041       -3.8474508604642188E-002  0.25299817456048990     
   11.070000000000041       -3.4682461822749616E-002  0.25259883265600858     
   11.085000000000042       -3.0896819792258223E-002  0.25214425823769288     
   11.100000000000042       -2.7118408698769789E-002  0.25163476012539643     
   11.115000000000043       -2.3348050011608317E-002  0.25107065831752506     
   11.130000000000043       -1.9586560316991949E-002  0.25045228387733204     
   11.145000000000044       -1.5834751152925926E-002  0.24977997881715447     
   11.160000000000045       -1.2093428845847234E-002  0.24905409598062378     
   11.175000000000045       -8.3633943490510898E-003  0.24827499892288474     
   11.190000000000046       -4.6454430829288434E-003  0.24744306178885742     
   11.205000000000046       -9.4036477704642629E-004  0.24655866918957639     
   11.220000000000047        2.7510566859080929E-003  0.24562221607664259     
   11.235000000000047        6.4280434242797923E-003  0.24463410761482271     
   11.250000000000048        1.0089823709677504E-002  0.24359475905283196     
   11.265000000000049        1.3735632117252755E-002  0.24250459559233570     
   11.280000000000049        1.7364709674000611E-002  0.24136405225520655     
   11.295000000000050        2.0976304005056498E-002  0.24017357374907256     
   11.310000000000050        2.4569669477963692E-002  0.23893361433119384     
   11.325000000000051        2.8144067344886621E-002  0.23764463767070387     
   11.340000000000051        3.1698765882745762E-002  0.23630711670925283     
   11.355000000000052        3.5233040531250440E-002  0.23492153352009018     
   11.370000000000053        3.8746174028806403E-002  0.23348837916562395     
   11.385000000000053        4.2237456546275566E-002  0.23200815355349449     
   11.400000000000054        4.5706185818566003E-002  0.23048136529120042     
   11.415000000000054        4.9151667274030662E-002  0.22890853153931506     
   11.430000000000055        5.2573214161654017E-002  0.22729017786333142     
   11.445000000000055        5.5970147676006346E-002  0.22562683808417416     
   11.460000000000056        5.9341797079945940E-002  0.22391905412741725     
   11.475000000000056        6.2687499825050091E-002  0.22216737587124569     
   11.490000000000057        6.6006601669756346E-002  0.22037236099320054     
   11.505000000000058        6.9298456795196042E-002  0.21853457481574601     
   11.520000000000058        7.2562427918702793E-002  0.21665459015069768     
   11.535000000000059        7.5797886404979031E-002  0.21473298714255115     
   11.550000000000059        7.9004212374904542E-002  0.21277035311075029     
   11.565000000000060        8.2180794811971297E-002  0.21076728239093476     
   11.580000000000060        8.5327031666329600E-002  0.20872437617520581     
   11.595000000000061        8.8442329956431059E-002  0.20664224235145043     
   11.610000000000062        9.1526105868254673E-002  0.20452149534176306     
   11.625000000000062        9.4577784852102678E-002  0.20236275594000466     
   11.640000000000063        9.7596801716953549E-002  0.20016665114853893     
   11.655000000000063       0.10058260072236018       0.19793381401418536     
   11.670000000000064       0.10353463566788168       0.19566488346342872     
   11.685000000000064       0.10645236998003800       0.19336050413692518     
   11.700000000000065       0.10933527679677711       0.19102132622334439     
   11.715000000000066       0.11218283904944512       0.18864800529258766     
   11.730000000000066       0.11499454954225022       0.18624120212842188     
   11.745000000000067       0.11776991102921194       0.18380158256056900     
   11.760000000000067       0.12050843628858803       0.18132981729629083     
   11.775000000000068       0.12320964819477147       0.17882658175150870     
   11.790000000000068       0.12587307978765108       0.17629255588149806     
   11.805000000000069       0.12849827433942967       0.17372842401119706     
   11.820000000000070       0.13108478541889401       0.17113487466516919     
   11.835000000000070       0.13363217695313201       0.16851260039725915     
   11.850000000000071       0.13614002328669275       0.16586229761998142     
   11.865000000000071       0.13860790923818536       0.16318466643368090     
   11.880000000000072       0.14103543015431411       0.16048041045550485     
   11.895000000000072       0.14342219196134665       0.15775023664822507     
   11.910000000000073       0.14576781121401391       0.15499485514894959     
   11.925000000000074       0.14807191514184004       0.15221497909776255     
   11.940000000000074       0.15033414169290146       0.14941132446633107     
   11.955000000000075       0.15255413957501535       0.14658460988651778     
   11.970000000000075       0.15473156829435733       0.14373555647903741     
   11.985000000000076       0.15686609819150968       0.14086488768219582     
   12.000000000000076       0.15895741047494147       0.13797332908074950     
   12.015000000000077       0.16100519725192275       0.13506160823492372     
   12.030000000000078       0.16300916155687542       0.13213045450962690     
   12.045000000000078       0.16496901737716399       0.12918059890389910     
   12.060000000000079       0.16688448967633016       0.12621277388063171     
   12.075000000000079       0.16875531441477531       0.12322771319659585     
   12.090000000000080       0.17058123856789614       0.12022615173281648     
   12.105000000000080       0.17236202014167853       0.11720882532532874     
   12.120000000000081       0.17409742818575608       0.11417647059635347     
   12.135000000000081       0.17578724280393945       0.11112982478592796     
   12.150000000000082       0.17743125516222397       0.10806962558402829     
   12.165000000000083       0.17902926749428277       0.10499661096321879     
   12.180000000000083       0.18058109310445419       0.10191151901186464     
   12.195000000000084       0.18208655636823140        9.8815087767942622E-002
   12.210000000000084       0.18354549273026416        9.5708055053485230E-002
   12.225000000000085       0.18495774869988219        9.2591158309693000E-002
   12.240000000000085       0.18632318184415037        8.9465134432749491E-002
   12.255000000000086       0.18764166077846664        8.6330719610373238E-002
   12.270000000000087       0.18891306515471401        8.3188649159140579E-002
   12.285000000000087       0.19013728564697838        8.0039657362612995E-002
   12.300000000000088       0.19131422393484440        7.6884477310302346E-002
   12.315000000000088       0.19244379268428249        7.3723840737507026E-002
   12.330000000000089       0.19352591552613996        7.0558477866051683E-002
   12.345000000000089       0.19456052703225030        6.7389117245962971E-002
   12.360000000000090       0.19554757268917480        6.4216485598113313E-002
   12.375000000000091       0.19648700886959139        6.1041307657864502E-002
   12.390000000000091       0.19737880280134557        5.7864306019742330E-002
   12.405000000000092       0.19822293253417966        5.4686200983173457E-002
   12.420000000000092       0.19901938690415616        5.1507710399315072E-002
   12.435000000000093       0.19976816549579182        4.8329549519007677E-002
   12.450000000000093       0.20046927860191985        4.5152430841880975E-002
   12.465000000000094       0.20112274718129738        4.1977063966642358E-002
   12.480000000000095       0.20172860281397631        3.8804155442577287E-002
   12.495000000000095       0.20228688765445602        3.5634408622290288E-002
   12.510000000000096       0.20279765438263656        3.2468523515715032E-002
   12.525000000000096       0.20326096615259184        2.9307196645421550E-002
   12.540000000000097       0.20367689653918222        2.6151120903248181E-002
   12.555000000000097       0.20404552948252666        2.3000985408285528E-002
   12.570000000000098       0.20436695923035500        1.9857475366239229E-002
   12.585000000000099       0.20464129027826120        1.6721271930197984E-002
   12.600000000000099       0.20486863730787877        1.3593052062832836E-002
   12.615000000000100       0.20504912512300008        1.0473488400053287E-002
   12.630000000000100       0.20518288858366157        7.3632491161454514E-003
   12.645000000000101       0.20527007253821741        4.2629977904169326E-003
   12.660000000000101       0.20531083175342418        1.1733932753727784E-003
   12.675000000000102       0.20530533084255984       -1.9049104335536371E-003
   12.690000000000103       0.20525374419160045       -4.9712643266913645E-003
   12.705000000000103       0.20515625588347866       -8.0250245072212619E-003
   12.720000000000104       0.20501305962044783       -1.1065552316641476E-002
   12.735000000000104       0.20482435864457652       -1.4092214458586919E-002
   12.750000000000105       0.20459036565639824       -1.7104383120981080E-002
   12.765000000000105       0.20431130273174156       -2.0101436096499007E-002
   12.780000000000106       0.20398740123676598       -2.3082756901320708E-002
   12.795000000000107       0.20361890174122951       -2.6047734892154711E-002
   12.810000000000107       0.20320605393001401       -2.8995765381511971E-002
   12.825000000000108       0.20274911651293465       -3.1926249751210792E-002
   12.840000000000108       0.20224835713286016       -3.4838595564093897E-002
   12.855000000000109       0.20170405227217084       -3.7732216673939209E-002
   12.870000000000109       0.20111648715758162       -4.0606533333546524E-002
   12.885000000000110       0.20048595566335764       -4.3460972300982476E-002
   12.900000000000110       0.19981276021294986       -4.6294966943966988E-002
   12.915000000000111       0.19909721167907923       -4.9107957342384601E-002
   12.930000000000112       0.19833962928229712       -5.1899390388904745E-002
   12.945000000000112       0.19754034048805078       -5.4668719887695401E-002
   12.960000000000113       0.19669968090228257       -5.7415406651215146E-002
   12.975000000000113       0.19581799416559173       -6.0138918595069021E-002
   12.990000000000114       0.19489563184598793       -6.2838730830914166E-002
   13.005000000000114       0.19393295333026594       -6.5514325757401667E-002
   13.020000000000115       0.19293032571403113       -6.8165193149141518E-002
   13.035000000000116       0.19188812369040506       -7.0790830243678188E-002
   13.050000000000116       0.19080672943744184       -7.3390741826464614E-002
   13.065000000000117       0.18968653250428472       -7.5964440313823045E-002
   13.080000000000117       0.18852792969609342       -7.8511445833881727E-002
   13.095000000000118       0.18733132495777280       -8.1031286305476749E-002
   13.110000000000118       0.18609712925653324       -8.3523497515008968E-002
   13.125000000000119       0.18482576046331356       -8.5987623191246379E-002
   13.140000000000120       0.18351764323309738       -8.8423215078062861E-002
   13.155000000000120       0.18217320888415398       -9.0829833005104735E-002
   13.170000000000121       0.18079289527623466       -9.3207044956376855E-002
   13.185000000000121       0.17937714668775606       -9.5554427136740810E-002
   13.200000000000122       0.17792641369200163       -9.7871564036317985E-002
   13.215000000000122       0.17644115303237282      -0.10015804849279093     
   13.230000000000123       0.17492182749672164      -0.10241348175159687     
   13.245000000000124       0.17336890579079606      -0.10463747352400773     
   13.260000000000124       0.17178286241083010      -0.10682964204309164     
   13.275000000000125       0.17016417751531046      -0.10898961411755105     
   13.290000000000125       0.16851333679595157      -0.11111702518343362     
   13.305000000000126       0.16683083134791082      -0.11321151935371200     
   13.320000000000126       0.16511715753927619      -0.11527274946572938     
   13.335000000000127       0.16337281687985825      -0.11730037712650829     
   13.350000000000128       0.16159831588931844      -0.11929407275592023     
   13.365000000000128       0.15979416596466603      -0.12125351562771471     
   13.380000000000129       0.15796088324715557      -0.12317839390840626     
   13.395000000000129       0.15609898848861714      -0.12506840469401889     
   13.410000000000130       0.15420900691725159      -0.12692325404468754     
   13.425000000000130       0.15229146810292266      -0.12874265701711712     
   13.440000000000131       0.15034690582197846      -0.13052633769489941     
   13.455000000000132       0.14837585792163410      -0.13227402921668946     
   13.470000000000132       0.14637886618394783      -0.13398547380224293     
   13.485000000000133       0.14435647618942257      -0.13566042277631660     
   13.500000000000133       0.14230923718026509      -0.13729863659043459     
   13.515000000000134       0.14023770192333440      -0.13889988484252364     
   13.530000000000134       0.13814242657281192      -0.14046394629442063     
   13.545000000000135       0.13602397053262463      -0.14199060888725687     
   13.560000000000136       0.13388289631865369      -0.14347966975472301     
   13.575000000000136       0.13171976942075964      -0.14493093523422024     
   13.590000000000137       0.12953515816465633      -0.14634422087590260     
   13.605000000000137       0.12732963357366500      -0.14771935144961665     
   13.620000000000138       0.12510376923037994      -0.14905616094974447     
   13.635000000000138       0.12285814113827716      -0.15035449259795713     
   13.650000000000139       0.12059332758329741      -0.15161419884388558     
   13.665000000000139       0.11830990899543482      -0.15283514136371654     
   13.680000000000140       0.11600846781036192      -0.15401719105672182     
   13.695000000000141       0.11368958833112230      -0.15516022803972918     
   13.710000000000141       0.11135385658992157      -0.15626414163954389     
   13.725000000000142       0.10900186021004725      -0.15732883038333048     
   13.740000000000142       0.10663418826794827      -0.15835420198696409     
   13.755000000000143       0.10425143115550424      -0.15934017334136202     
   13.770000000000143       0.10185418044251496      -0.16028667049680598     
   13.785000000000144        9.9443028739439984E-002 -0.16119362864526593     
   13.800000000000145        9.7018569560418322E-002 -0.16206099210073724     
   13.815000000000145        9.4581397186597874E-002 -0.16288871427760279     
   13.830000000000146        9.2132106529804164E-002 -0.16367675766703232     
   13.845000000000146        8.9671292996577751E-002 -0.16442509381143183     
   13.860000000000147        8.7199552352609427E-002 -0.16513370327695578     
   13.875000000000147        8.4717480587602187E-002 -0.16580257562409578     
   13.890000000000148        8.2225673780588676E-002 -0.16643170937635940     
   13.905000000000149        7.9724727965732753E-002 -0.16702111198705344     
   13.920000000000149        7.7215238998643368E-002 -0.16757079980418604     
   13.935000000000150        7.4697802423228959E-002 -0.16808079803350268     
   13.950000000000150        7.2173013339120184E-002 -0.16855114069967128     
   13.965000000000151        6.9641466269688687E-002 -0.16898187060563211     
   13.980000000000151        6.7103755030689299E-002 -0.16937303929012848     
   13.995000000000152        6.4560472599552721E-002 -0.16972470698343453     
   14.010000000000153        6.2012210985355851E-002 -0.17003694256129684     
   14.025000000000153        5.9459561099496155E-002 -0.17030982349710691     
   14.040000000000154        5.6903112627096679E-002 -0.17054343581232181     
   14.055000000000154        5.4343453899167754E-002 -0.17073787402515075     
   14.070000000000155        5.1781171765551304E-002 -0.17089324109752554     
   14.085000000000155        4.9216851468673349E-002 -0.17100964838037330     
   14.100000000000156        4.6651076518130039E-002 -0.17108721555721010     
   14.115000000000157        4.4084428566132247E-002 -0.17112607058607437     
   14.130000000000157        4.1517487283833518E-002 -0.17112634963981949     
   14.145000000000158        3.8950830238565791E-002 -0.17108819704478492     
   14.160000000000158        3.6385032772007074E-002 -0.17101176521786596     
   14.175000000000159        3.3820667879305009E-002 -0.17089721460200194     
   14.190000000000159        3.1258306089179809E-002 -0.17074471360010365     
   14.205000000000160        2.8698515345029860E-002 -0.17055443850744023     
   14.220000000000161        2.6141860887062968E-002 -0.17032657344250696     
   14.235000000000161        2.3588905135475825E-002 -0.17006131027639468     
   14.250000000000162        2.1040207574704053E-002 -0.16975884856068274     
   14.265000000000162        1.8496324638764789E-002 -0.16941939545387691     
   14.280000000000163        1.5957809597713465E-002 -0.16904316564641425     
   14.295000000000163        1.3425212445236142E-002 -0.16863038128425739     
   14.310000000000164        1.0899079787398356E-002 -0.16818127189110024     
   14.325000000000164        8.3799547325711550E-003 -0.16769607428920824     
   14.340000000000165        5.8683767825546381E-003 -0.16717503251891572     
   14.355000000000166        3.3648817249189457E-003 -0.16661839775680357     
   14.370000000000166        8.7000152658235066E-004 -0.16602642823258063     
   14.385000000000167       -1.6157357713543039E-003 -0.16539938914469218     
   14.400000000000167       -4.0918061574978914E-003 -0.16473755257467937     
   14.415000000000168       -6.5576897527594626E-003 -0.16404119740031331     
   14.430000000000168       -9.0128709116386804E-003 -0.16331060920752816     
   14.445000000000169       -1.1456838322178390E-002 -0.16254608020117733     
   14.460000000000170       -1.3889085104571866E-002 -0.16174790911463727     
   14.475000000000170       -1.6309108908405617E-002 -0.16091640111828343     
   14.490000000000171       -1.8716412008521036E-002 -0.16005186772686331     
   14.505000000000171       -2.1110501399478520E-002 -0.15915462670579134     
   14.520000000000172       -2.3490888888608091E-002 -0.15822500197639078     
   14.535000000000172       -2.5857091187630910E-002 -0.15726332352010786     
   14.550000000000173       -2.8208630002836431E-002 -0.15626992728172345     
   14.565000000000174       -3.0545032123800404E-002 -0.15524515507158787     
   14.580000000000174       -3.2865829510629198E-002 -0.15418935446690424     
   14.595000000000175       -3.5170559379716436E-002 -0.15310287871208642     
   14.610000000000175       -3.7458764287998186E-002 -0.15198608661821705     
   14.625000000000176       -3.9729992215693455E-002 -0.15083934246163183     
   14.640000000000176       -4.1983796647517058E-002 -0.14966301588165609     
   14.655000000000177       -4.4219736652352321E-002 -0.14845748177751963     
   14.670000000000178       -4.6437376961371540E-002 -0.14722312020447628     
   14.685000000000178       -4.8636288044592406E-002 -0.14596031626915432     
   14.700000000000179       -5.0816046185859082E-002 -0.14466946002416417     
   14.715000000000179       -5.2976233556237019E-002 -0.14335094636198986     
   14.730000000000180       -5.5116438285810906E-002 -0.14200517490819073     
   14.745000000000180       -5.7236254533875645E-002 -0.14063254991393995     
   14.760000000000181       -5.9335282557510617E-002 -0.13923348014792644     
   14.775000000000182       -6.1413128778527851E-002 -0.13780837878764698     
   14.790000000000182       -6.3469405848785160E-002 -0.13635766331011495     
   14.805000000000183       -6.5503732713855733E-002 -0.13488175538201275     
   14.820000000000183       -6.7515734675045944E-002 -0.13338108074931435     
   14.835000000000184       -6.9505043449753778E-002 -0.13185606912640493     
   14.850000000000184       -7.1471297230160408E-002 -0.13030715408472440     
   14.865000000000185       -7.3414140740247949E-002 -0.12873477294096136     
   14.880000000000186       -7.5333225291137076E-002 -0.12713936664482467     
   14.895000000000186       -7.7228208834738049E-002 -0.12552137966641905     
   14.910000000000187       -7.9098756015709690E-002 -0.12388125988325170     
   14.925000000000187       -8.0944538221720805E-002 -0.12221945846689664     
   14.940000000000188       -8.2765233632009161E-002 -0.12053642976934346     
   14.955000000000188       -8.4560527264233534E-002 -0.11883263120905731     
   14.970000000000189       -8.6330111019614630E-002 -0.11710852315677657     
   14.985000000000190       -8.8073683726361179E-002 -0.11536456882107513     
   15.000000000000190       -8.9790951181377851E-002 -0.11360123413371559     
