  -15.649999808520079      -0.99832058896638587     
  -15.599999807775021      -0.99417760447085324     
  -15.549999807029963      -0.98754969364778988     
  -15.499999806284904      -0.97845342282299785     
  -15.449999805539846      -0.96691152793697022     
  -15.399999804794788      -0.95295285771687910     
  -15.349999804049730      -0.93661230156977915     
  -15.299999803304672      -0.91793070237725816     
  -15.249999802559614      -0.89695475440949979     
  -15.199999801814556      -0.87373688661392324     
  -15.149999801069498      -0.84833513157011475     
  -15.099999800324440      -0.82081298043859729     
  -15.049999799579382      -0.79123922426599014     
  -14.999999798834324      -0.75968778204321286     
  -14.949999798089266      -0.72623751594649866     
  -14.899999797344208      -0.69097203422301878     
  -14.849999796599150      -0.65397948221380053     
  -14.799999795854092      -0.61535232203627310     
  -14.749999795109034      -0.57518710147712104     
  -14.699999794363976      -0.53358421267309097     
  -14.649999793618917      -0.49064764118292570     
  -14.599999792873859      -0.44648470607761426     
  -14.549999792128801      -0.40120579169859683     
  -14.499999791383743      -0.35492407175439034     
  -14.449999790638685      -0.30775522644524839     
  -14.399999789893627      -0.25981715332289695     
  -14.349999789148569      -0.21122967260804615     
  -14.299999788403511      -0.16211422770223088     
  -14.249999787658453      -0.11259358164254435     
  -14.199999786913395       -6.2791510257969849E-002
  -14.149999786168337       -1.2832492794260426E-002
  -14.099999785423279        3.7158599219357290E-002
  -14.049999784678221        8.7056814083983608E-002
  -13.999999783933163       0.13673743224522877     
  -13.949999783188105       0.18607627802715546     
  -13.899999782443047       0.23495003000680856     
  -13.849999781697989       0.28323652925355708     
  -13.799999780952930       0.33081508466281062     
  -13.749999780207872       0.37756677462093541     
  -13.699999779462814       0.42337474424736377     
  -13.649999778717756       0.46812449747094742     
  -13.599999777972698       0.51170418321051570     
  -13.549999777227640       0.55400487494433559     
  -13.499999776482582       0.59492084296969672     
  -13.449999775737524       0.63434981867211271     
  -13.399999774992466       0.67219325014360454     
  -13.349999774247408       0.70835654851115337     
  -13.299999773502350       0.74274932435962870     
  -13.249999772757292       0.77528561365825932     
  -13.199999772012234       0.80588409262594740     
  -13.149999771267176       0.83446828099837489     
  -13.099999770522118       0.86096673318883932     
  -13.049999769777060       0.88531321686501829     
  -12.999999769032001       0.90744687849531158     
  -12.949999768286943       0.92731239545098321     
  -12.899999767541885       0.94486011428392602     
  -12.849999766796827       0.96004617483442578     
  -12.799999766051769       0.97283261985872282     
  -12.749999765306711       0.98318748990235605     
  -12.699999764561653       0.99108490318215725     
  -12.649999763816595       0.99650512027723204     
  -12.599999763071537       0.99943459346723362     
  -12.549999762326479       0.99986600059460884     
  -12.499999761581421       0.99779826336617983     
  -12.449999760836363       0.99323655004831468     
  -12.399999760091305       0.98619226254895354     
  -12.349999759346247       0.97668300791877549     
  -12.299999758601189       0.96473255434273997     
  -12.249999757856131       0.95037077173200124     
  -12.199999757111073       0.93363355706468387     
  -12.149999756366014       0.91456274466212983     
  -12.099999755620956       0.89320600162487873     
  -12.049999754875898       0.86961670868973728     
  -11.999999754130840       0.84385382680573418     
  -11.949999753385782       0.81598174976244831     
  -11.899999752640724       0.78607014323906665     
  -11.849999751895666       0.75419377067646176     
  -11.799999751150608       0.72043230640752021     
  -11.749999750405550       0.68487013651279816     
  -11.699999749660492       0.64759614789926068     
  -11.649999748915434       0.60870350612929958     
  -11.599999748170376       0.56828942255534010     
  -11.549999747425318       0.52645491134207900     
  -11.499999746680260       0.48330453698367287     
  -11.449999745935202       0.43894615294695072     
  -11.399999745190144       0.39349063209390817     
  -11.349999744445086       0.34705158955728543     
  -11.299999743700027       0.29974509876189681     
  -11.249999742954969       0.25168940130150980     
  -11.199999742209911       0.20300461139643075     
  -11.149999741464853       0.15381241567049977     
  -11.099999740719795       0.10423576899789500     
  -11.049999739974737        5.4398587179971647E-002
  -10.999999739229679        4.4254372202835839E-003
  -10.949999738484621       -4.5558774028061619E-002
  -10.899999737739563       -9.5429112064494545E-002
  -10.849999736994505      -0.14506092701217999     
  -10.799999736249447      -0.19433016517780199     
  -10.749999735504389      -0.24311367912120041     
  -10.699999734759331      -0.29128953545984654     
  -10.649999734014273      -0.33873731963880682     
  -10.599999733269215      -0.38533843690442854     
  -10.549999732524157      -0.43097640872946974     
  -10.499999731779099      -0.47553716394876522     
  -10.449999731034040      -0.51890932387774080     
  -10.399999730288982      -0.56098448070112805     
  -10.349999729543924      -0.60165746843605317     
  -10.299999728798866      -0.64082662579223226     
  -10.249999728053808      -0.67839405027226052     
  -10.199999727308750      -0.71426584287687644     
  -10.149999726563692      -0.74835234280356555     
  -10.099999725818634      -0.78056835155187854     
  -10.049999725073576      -0.81083334587531830     
  -9.9999997243285179      -0.83907167904752644     
  -9.9499997235834599      -0.86521276993970930     
  -9.8999997228384018      -0.88919127943670651     
  -9.8499997220933437      -0.91094727375075590     
  -9.7999997213482857      -0.93042637422475505     
  -9.7499997206032276      -0.94757989325058767     
  -9.6999997198581696      -0.96236495596279159     
  -9.6499997191131115      -0.97474460740339719     
  -9.5999997183680534      -0.98468790489007862     
  -9.5499997176229954      -0.99216999535674799     
  -9.4999997168779373      -0.99717217747327880     
  -9.4499997161328793      -0.99968194838909319     
  -9.3999997153878212      -0.99969303498377815     
  -9.3499997146427631      -0.99720540954662007     
  -9.2999997138977051      -0.99222528984586666     
  -9.2499997131526470      -0.98476512358754453     
  -9.1999997124075890      -0.97484355730267569     
  -9.1499997116625309      -0.96248538974065923     
  -9.0999997109174728      -0.94772150988531145     
  -9.0499997101724148      -0.93058881974849017     
  -8.9999997094273567      -0.91113014213428090     
  -8.9499997086822987      -0.88939411360428500     
  -8.8999997079372406      -0.86543506291154126     
  -8.8499997071921825      -0.83931287520693365     
  -8.7999997064471245      -0.81109284235749668     
  -8.7499997057020664      -0.78084549975074669     
  -8.6999997049570084      -0.74864644999294161     
  -8.6499997042119503      -0.71457617394193296     
  -8.5999997034668922      -0.67871982954692911     
  -8.5499997027218342      -0.64116703899796457     
  -8.4999997019767761      -0.60201166471709333     
  -8.4499997012317181      -0.56135157475120889     
  -8.3999997004866600      -0.51928839815288874     
  -8.3499996997416019      -0.47592727096068216     
  -8.2999996989965439      -0.43137657341376068     
  -8.2499996982514858      -0.38574765905775465     
  -8.1999996975064278      -0.33915457641887309     
  -8.1499996967613697      -0.29171378394197484     
  -8.0999996960163116      -0.24354385890509822     
  -8.0499996952712536      -0.19476520103801079     
  -7.9999996945261955      -0.14549973158557916     
  -7.9499996937811375       -9.5870588568142900E-002
  -7.8999996930360794       -4.6001819000583692E-002
  -7.8499996922910213        3.9819311606187329E-003
  -7.7999996915459633        5.3955728567372720E-002
  -7.7499996908009052       0.10379466474829017     
  -7.6999996900558472       0.15337416831482326     
  -7.6499996893107891       0.20257031632486955     
  -7.5999996885657310       0.25126014402559865     
  -7.5499996878206730       0.29932195220130470     
  -7.4999996870756149       0.34663561135807475     
  -7.4499996863305569       0.39308286198497072     
  -7.3999996855854988       0.43854761014122662     
  -7.3499996848404408       0.48291621763064901     
  -7.2999996840953827       0.52607778603793409     
  -7.2499996833503246       0.56792443391695957     
  -7.1999996826052666       0.60835156643822408     
  -7.1499996818602085       0.64725813682145750     
  -7.0999996811151505       0.68454689889995424     
  -7.0499996803700924       0.72012465018535288     
  -6.9999996796250343       0.75390246482532497     
  -6.9499996788799763       0.78579591587190079     
  -6.8999996781349182       0.81572528630487684     
  -6.8499996773898602       0.84361576828285667     
  -6.7999996766448021       0.86939765012390013     
  -6.7499996758997440       0.89300649054842929     
  -6.6999996751546860       0.91438327974887079     
  -6.6499996744096279       0.93347458688344820     
  -6.5999996736645699       0.95023269362546370     
  -6.5499996729195118       0.96461571343426766     
  -6.4999996721744537       0.97658769624979858     
  -6.4499996714293957       0.98611871834901443     
  -6.3999996706843376       0.99318495713961741     
  -6.3499996699392796       0.99776875070413096     
  -6.2999996691942215       0.99985864194549590     
  -6.2499996684491634       0.99944940722384745     
  -6.1999996677041054       0.99654206941289503     
  -6.1499996669590473       0.99114389534327019     
  -6.0999996662139893       0.98326837763923425     
  -6.0499996654689312       0.97293520099414355     
  -5.9999996647238731       0.96017019296896600     
  -5.9499996639788151       0.94500525943682767     
  -5.8999996632337570       0.92747830483494342     
  -5.8499996624886990       0.90763313742326179     
  -5.7999996617436409       0.88551935978662666     
  -5.7499996609985828       0.86119224485414381     
  -5.6999996602535248       0.83471259774563944     
  -5.6499996595084667       0.80614660379052350     
  -5.5999996587634087       0.77556566309892894     
  -5.5499996580183506       0.74304621209861632     
  -5.4999996572732925       0.70866953248370557     
  -5.4499996565282345       0.67252154805276565     
  -5.3999996557831764       0.63469260994405952     
  -5.3499996550381184       0.59527727080474613     
  -5.2999996542930603       0.55437404845849736     
  -5.2499996535480022       0.51208517966223877     
  -5.1999996528029442       0.46851636456749329     
  -5.1499996520578861       0.42377650252504234     
  -5.0999996513128281       0.37797741989325429     
  -5.0499996505677700       0.33123359053041829     
  -4.9999996498227119       0.28366184966970692     
  -4.9499996490776539       0.23538110189193120     
  -4.8999996483325958       0.18651202392600386     
  -4.8499996475875378       0.13717676301995543     
  -4.7999996468424797        8.7498631636418051E-002
  -4.7499996460974216        3.7601799235679648E-002
  -4.6999996453523636       -1.2389018083309849E-002
  -4.6499996446073055       -6.2348869308244292E-002
  -4.5999996438622475      -0.11215288082592816     
  -4.5499996431171894      -0.16167656854128587     
  -4.4999996423721313      -0.21079614902277874     
  -4.4499996416270733      -0.25938884889652791     
  -4.3999996408820152      -0.30733321171581895     
  -4.3499996401369572      -0.35450940153897442     
  -4.2999996393918991      -0.40079950245680779     
  -4.2499996386468410      -0.44608781332099551     
  -4.1999996379017830      -0.49026113693670059     
  -4.1499996371567249      -0.53320906299661630     
  -4.0999996364116669      -0.57482424404924182     
  -4.0499996356666088      -0.61500266381161350     
  -3.9999996349215508      -0.65364389715584970     
  -3.9499996341764927      -0.69065136111967751     
  -3.8999996334314346      -0.72593255631354558     
  -3.8499996326863766      -0.75939929812093332     
  -3.7999996319413185      -0.79096793711397173     
  -3.7499996311962605      -0.82055956813345665     
  -3.6999996304512024      -0.84810022751065905     
  -3.6499996297061443      -0.87352107793798295     
  -3.5999996289610863      -0.89675858052638990     
  -3.5499996282160282      -0.91775465361953545     
  -3.4999996274709702      -0.93645681796766689     
  -3.4499996267259121      -0.95281832789841969     
  -3.3999996259808540      -0.96679828815665814     
  -3.3499996252357960      -0.97836175612131815     
  -3.2999996244907379      -0.98747982914376442     
  -3.2499996237456799      -0.99412971678936268     
  -3.1999996230006218      -0.99829479780169794     
  -3.1499996222555637      -0.99996466164706155     
  -3.0999996215105057      -0.99913513453536396     
  -3.0499996207654476      -0.99580828985243697     
  -2.9999996200203896      -0.98999244297764832     
  -2.9499996192753315      -0.98170213049978361     
  -2.8999996185302734      -0.97095807388314370     
  -2.8499996177852154      -0.95778712767467378     
  -2.7999996170401573      -0.94222221238157977     
  -2.7499996162950993      -0.92430223218720242     
  -2.6999996155500412      -0.90407197771081704     
  -2.6499996148049831      -0.88158201405440817     
  -2.5999996140599251      -0.85688855441624534     
  -2.5499996133148670      -0.83005331958715778     
  -2.4999996125698090      -0.80114338368069649     
  -2.4499996118247509      -0.77023100648277720     
  -2.3999996110796928      -0.73739345283984203     
  -2.3499996103346348      -0.70271279953697663     
  -2.2999996095895767      -0.66627573014868591     
  -2.2499996088445187      -0.62817331837509516     
  -2.1999996080994606      -0.58850080040512376     
  -2.1499996073544025      -0.54735733687560317     
  -2.0999996066093445      -0.50484576502131984     
  -2.0499996058642864      -0.46107234163547672     
  -1.9999996051192284      -0.41614647748304040     
  -1.9499996043741703      -0.37018046383079994     
  -1.8999996036291122      -0.32328919177767218     
  -1.8499996028840542      -0.27558986508677968     
  -1.7999996021389961      -0.22720170723707303     
  -1.7499996013939381      -0.17824566342671463     
  -1.6999996006488800      -0.12884409827306170     
  -1.6499995999038219       -7.9120489964839696E-002
  -1.5999995991587639       -2.9199121630967748E-002
  -1.5499995984137058        2.0795229302547635E-002
  -1.4999995976686478        7.0737602991203991E-002
  -1.4499995969235897       0.12050316950654566     
  -1.3999995961785316       0.16996754084598403     
  -1.3499995954334736       0.21900708183803327     
  -1.2999995946884155       0.26749921916586028     
  -1.2499995939433575       0.31532274773675101     
  -1.1999995931982994       0.36235813363172881     
  -1.1499995924532413       0.40848781287810865     
  -1.0999995917081833       0.45359648529821167     
  -1.0499995909631252       0.49757140269977068     
 -0.99999959021806717       0.54030265068770089     
 -0.94999958947300911       0.58168342339285395     
 -0.89999958872795105       0.62161029043107496     
 -0.84999958798289299       0.65998345542530523     
 -0.79999958723783493       0.69670700544455932     
 -0.74999958649277687       0.73168915073630914     
 -0.69999958574771881       0.76484245415306928     
 -0.64999958500266075       0.79608404969973545     
 -0.59999958425760269       0.82533584965542250     
 -0.54999958351254463       0.85252473975210574     
 -0.49999958276748657       0.87758276192221885     
 -0.44999958202242851       0.90044728415843589     
 -0.39999958127737045       0.92106115706107661     
 -0.34999958053231239       0.93937285668184667     
 -0.29999957978725433       0.95533661330687913     
 -0.24999957904219627       0.96891252585718624     
 -0.19999957829713821       0.98006666162057987     
 -0.14999957755208015       0.98877114106578223     
  -9.9999576807022095E-002  0.99500420752673757     
  -4.9999576061964035E-002  0.99875028158294732     
   4.2468309402465820E-007  0.99999999999990985     
   5.0000425428152084E-002  0.99875023913233019     
  0.10000042617321014       0.99500412273160777     
  0.15000042691826820       0.98877101413808344     
  0.20000042766332626       0.98006649287756520     
  0.25000042840838432       0.96891231572062542     
  0.30000042915344238       0.95533636230200403     
  0.35000042989850044       0.93937256543603886     
  0.40000043064355850       0.92106082630229902     
  0.45000043138861656       0.90044691471341309     
  0.50000043213367462       0.87758235471437107     
  0.55000043287873268       0.85252429579924061     
  0.60000043362379074       0.82533537006719093     
  0.65000043436884880       0.79608353567485834     
  0.70000043511390686       0.76484190697634125     
  0.75000043585896492       0.73168857177538704     
  0.80000043660402298       0.69670639614654384     
  0.85000043734908104       0.65998281731312425     
  0.90000043809413910       0.62160962509967665     
  0.95000043883919716       0.58168273250522040     
   1.0000004395842552       0.54030193597069132     
   1.0500004403293133       0.49757066593980548     
   1.1000004410743713       0.45359572833680717     
   1.1500004418194294       0.40848703760727417     
   1.2000004425644875       0.36235734198923775     
   1.2500004433095455       0.31532194170129735     
   1.3000004440546036       0.26749840075211301     
   1.3500004447996616       0.21900625309160052     
   1.4000004455447197       0.16996670383830034     
   1.4500004462897778       0.12050232632969443     
   1.5000004470348358        7.0736755752688285E-002
   1.5500004477798939        2.0794380120022563E-002
   1.6000004485249519       -2.9199970634988047E-002
   1.6500004492700100       -7.9121336668287259E-002
   1.7000004500150681      -0.12884494055961879     
   1.7500004507601261      -0.17824649919110350     
   1.8000004515051842      -0.22720253439031785     
   1.8500004522502422      -0.27559068156142807     
   1.9000004529953003      -0.32328999553296262     
   1.9500004537403584      -0.37018125285776282     
   2.0000004544854164      -0.41614724980951906     
   2.0500004552304745      -0.46107309533105723     
   2.1000004559755325      -0.50484649820215566     
   2.1500004567205906      -0.54735804770912400     
   2.2000004574656487      -0.58850148711461592     
   2.2500004582107067      -0.62817397924414253     
   2.3000004589557648      -0.66627636352545994     
   2.3500004597008228      -0.70271340383836534     
   2.4000004604458809      -0.73739402655540653     
   2.4500004611909389      -0.77023154817852724     
   2.5000004619359970      -0.80114389200267477     
   2.5500004626810551      -0.83005379326482409     
   2.6000004634261131      -0.85688899226565229     
   2.6500004641711712      -0.88158241498116008     
   2.7000004649162292      -0.90407234071280584     
   2.7500004656612873      -0.92430255635711223     
   2.8000004664063454      -0.94222249690915449     
   2.8500004671514034      -0.95778737184874274     
   2.9000004678964615      -0.97095827709339877     
   2.9500004686415195      -0.98170229223830507     
   3.0000004693865776      -0.98999256284017401     
   3.0500004701316357      -0.99580836753937307     
   3.1000004708766937      -0.99913516985253359     
   3.1500004716217518      -0.99996465450618999     
   3.2000004723668098      -0.99829474822063380     
   3.2500004731118679      -0.99412962489203271     
   3.3000004738569260      -0.98747969515986433     
   3.3500004746019840      -0.97836158038573762     
   3.4000004753470421      -0.96679807110864480     
   3.4500004760921001      -0.95281807008048047     
   3.5000004768371582      -0.93645652002421242     
   3.5500004775822163      -0.91775431629526938     
   3.6000004783272743      -0.89675820466444689     
   3.6500004790723324      -0.87352066447782251     
   3.7000004798173904      -0.84809977748571608     
   3.7500004805624485      -0.82055908266855915     
   3.8000004813075066      -0.79096741742252918     
   3.8500004820525646      -0.75939874550190378     
   3.9000004827976227      -0.72593197214818894     
   3.9500004835426807      -0.69065074686810268     
   4.0000004842877388      -0.65364325435336612     
   4.0500004850327969      -0.61500199406489242     
   4.1000004857778549      -0.57482354903230137     
   4.1500004865229130      -0.53320834444663701     
   4.2000004872679710      -0.49026039664968313     
   4.2500004880130291      -0.44608705314727198     
   4.3000004887580872      -0.40079872429641666     
   4.3500004895031452      -0.35450860733691147     
   4.4000004902482033      -0.30733240345717577     
   4.4500004909932613      -0.25938802860153026     
   4.5000004917383194      -0.21079531874173699     
   4.5500004924833775      -0.16167573034947025     
   4.6000004932284355      -0.11215203681838176     
   4.6500004939734936       -6.2348021594546513E-002
   4.7000004947185516       -1.2388168782303493E-002
   4.7500004954636097        3.7602648001184305E-002
   4.8000004962086678        8.7499477744949206E-002
   4.8500004969537258       0.13717760435668236     
   4.9000004976987839       0.18651285838802281     
   4.9500004984438419       0.23538192739352168     
   5.0000004991889000       0.28366266414754476     
   5.0500004999339581       0.33123439194873300     
   5.1000005006790161       0.37797820624891743     
   5.1500005014240742       0.42377727185257424     
   5.2000005021691322       0.46851711494397569     
   5.2500005029141903       0.51208590921212116     
   5.3000005036592484       0.55437475535828495     
   5.3500005044043064       0.59527795328755762     
   5.4000005051493645       0.63469326630404321     
   5.4500005058944225       0.67252217664936331     
   5.5000005066394806       0.70867013174575311     
   5.5500005073845387       0.74304678052827056     
   5.6000005081295967       0.77556619927541182     
   5.6500005088746548       0.80614710637367293     
   5.7000005096197128       0.83471306547925939     
   5.7500005103647709       0.86119267656914367     
   5.8000005111098289       0.88551975440394382     
   5.8500005118548870       0.90763349395655835     
   5.9000005125999451       0.92747862239307177     
   5.9500005133450031       0.94500553722605785     
   6.0000005140900612       0.96017043029496973     
   6.0500005148351192       0.97293539726372924     
   6.1000005155801773       0.98326853236183021     
   6.1500005163252354       0.99114400813215042     
   6.2000005170702934       0.99654213998614616     
   6.2500005178153515       0.99944943540507314     
   6.3000005185604095       0.99985862766425759     
   6.3500005193054676       0.99776869399612445     
   6.4000005200505257       0.99318485814658308     
   6.4500005207955837       0.98611857731838337     
   6.5000005215406418       0.97658751353407403     
   6.5500005222856998       0.96461548949014364     
   6.6000005230307579       0.95023242901268401     
   6.6500005237758160       0.93347428226340690     
   6.7000005245208740       0.91438293588295949     
   6.7500005252659321       0.89300610829613358     
   6.8000005260109901       0.86939723044065187     
   6.8500005267560482       0.84361531221764519     
   6.9000005275011063       0.81572479499762796     
   6.9500005282461643       0.78579539055062664     
   7.0000005289912224       0.75390190680305524     
   7.0500005297362804       0.72012406085685265     
   7.1000005304813385       0.68454627973823789     
   7.1500005312263966       0.64725748937410699     
   7.2000005319714546       0.60835089232352058     
   7.2500005327165127       0.56792373481983871     
   7.3000005334615707       0.52607706370577489     
   7.3500005342066288       0.48291547386890560     
   7.4000005349516869       0.43854684680891604     
   7.4500005356967449       0.39308208099002628     
   7.5000005364418030       0.34663481465257723     
   7.5500005371868610       0.29932114177660285     
   7.6000005379319191       0.25125932190733230     
   7.6500005386769772       0.20256948456790627     
   7.7000005394220352       0.15337332899812237     
   7.7500005401670933       0.10379381996970634     
   7.8000005409121513        5.3954880438412532E-002
   7.8500005416572094        3.9810818011629537E-003
   7.9000005424022675       -4.6002667467578695E-002
   7.9500005431473255       -9.5871434021951446E-002
   8.0000005438923836      -0.14550057191300697     
   8.0500005446374416      -0.19476603413867688     
   8.1000005453824997      -0.24354468269668472     
   8.1500005461275578      -0.29171459636543173     
   8.2000005468726158      -0.33915537544356478     
   8.2500005476176739      -0.38574844268653552     
   8.3000005483627319      -0.43137733968796677     
   8.3500005491077900      -0.47592801796502698     
   8.4000005498528481      -0.51928912402025040     
   8.4500005505979061      -0.56135227766729701     
   8.5000005513429642      -0.60201234292498362     
   8.5500005520880222      -0.64116769080249048     
   8.6000005528330803      -0.67872045331891873     
   8.6500005535781384      -0.71457676812228121     
   8.7000005543231964      -0.74864701309650683     
   8.7500005550682545      -0.78084603037006339     
   8.8000005558133125      -0.81109333916629278     
   8.8500005565583706      -0.83931333696344590     
   8.9000005573034286      -0.86543548846161877     
   8.9500005580484867      -0.88939450188427416     
   9.0000005587935448      -0.91113049217368403     
   9.0500005595386028      -0.93058913067239091     
   9.1000005602836609      -0.94772178091656190     
   9.1500005610287189      -0.96248562020182249     
   9.2000005617737770      -0.97484374661771878     
   9.2500005625188351      -0.98476527128327862     
   9.3000005632638931      -0.99222539555312916     
