   0.0000000000000000        1.0000000000000000        0.0000000000000000     
   5.0000000000000003E-002  0.99974038412708699      -0.49043518712404083     
  0.10000000000000001       0.99942892536732775      -0.98070308001454332     
  0.15000000000000002       0.99903323345269246       -1.4707138586447182     
  0.20000000000000001       0.99853722925343535       -1.9603576085245926     
  0.25000000000000000       0.99793301449504246       -2.4495184558159573     
  0.29999999999999999       0.99721649233869902       -2.9380789195510775     
  0.34999999999999998       0.99638545654308419       -3.4259213160689344     
  0.39999999999999997       0.99543873538283301       -3.9129283189588953     
  0.44999999999999996       0.99437577772906738       -4.3989832479009907     
  0.49999999999999994       0.99319643679277125       -4.8839702576000885     
  0.54999999999999993       0.99190084911182042       -5.3677744846918687     
  0.59999999999999998       0.99048936269397170       -5.8502821745042759     
  0.65000000000000002       0.98896249208000686       -6.3313807967358136     
  0.70000000000000007       0.98732088891190684       -6.8109591540700176     
  0.75000000000000011       0.98556532182109757       -7.2889074855918299     
  0.80000000000000016       0.98369666212567775       -7.7651175658866620     
  0.85000000000000020       0.98171587326138876       -8.2394828002270710     
  0.90000000000000024       0.97962400267604732       -8.7118983160122578     
  0.95000000000000029       0.97742217538583431       -9.1822610505017082     
   1.0000000000000002       0.97511158867398540       -9.6504698348199760     
   1.0500000000000003       0.97269350758741213       -10.116425474177266     
   1.1000000000000003       0.97016926099821588       -10.580030824235999     
   1.1500000000000004       0.96754023806973011       -11.041190863549321     
   1.2000000000000004       0.96480788501514803       -11.499812761999449     
   1.2500000000000004       0.96197370206968702       -11.955805945169342     
   1.3000000000000005       0.95903924061997947       -12.409082154589109     
   1.3500000000000005       0.95600610045035406       -12.859555503807879     
   1.4000000000000006       0.95287592707704794       -13.307142530252042     
   1.4500000000000006       0.94965040914960375       -13.751762242841480     
   1.5000000000000007       0.94633127590469712       -14.193336165346309     
   1.5500000000000007       0.94292029466205973       -14.631788375477722     
   1.6000000000000008       0.93941926835544154       -15.067045539717402     
   1.6500000000000008       0.93583003309401569       -15.499036943900872     
   1.7000000000000008       0.93215445575147005       -15.927694519580653     
   1.7500000000000009       0.92839443158142054       -16.352952866205388     
   1.8000000000000009       0.92455188185882664       -16.774749269161056     
   1.8500000000000010       0.92062875154787138       -17.193023713729904     
   1.9000000000000010       0.91662700699735244       -17.607718895031823     
   1.9500000000000011       0.91254863366505390       -18.018780224021601     
   2.0000000000000009       0.90839563387287303       -18.426155829623582     
   2.0500000000000007       0.90417002459468243       -18.829796557092987     
   2.1000000000000005       0.89987383527903786       -19.229655962700249     
   2.1500000000000004       0.89550910570891096       -19.625690304841338     
   2.2000000000000002       0.89107788390064568       -20.017858531683121     
   2.2500000000000000       0.88658222404431852       -20.406122265458283     
   2.2999999999999998       0.88202418448762987       -20.790445783529339     
   2.3499999999999996       0.87740582576537995       -21.170795996345625     
   2.3999999999999995       0.87272920867648307       -21.547142422421047     
   2.4499999999999993       0.86799639241036342       -21.919457160463654     
   2.4999999999999991       0.86320943272444828       -22.287714858790906     
   2.5499999999999989       0.85837038017434064       -22.651892682166704     
   2.5999999999999988       0.85348127839811005       -23.011970276198085     
   2.6499999999999986       0.84854416245599251       -23.367929729430585     
   2.6999999999999984       0.84356105722664099       -23.719755533282175     
   2.7499999999999982       0.83853397586091327       -24.067434539955869     
   2.7999999999999980       0.83346491829403246       -24.410955918470979     
   2.8499999999999979       0.82835586981680154       -24.750311108952442     
   2.8999999999999977       0.82320879970640504       -25.085493775316628     
   2.9499999999999975       0.81802565991717935       -25.416499756490698     
   2.9999999999999973       0.81280838383159193       -25.743327016300839     
   3.0499999999999972       0.80755888507152640       -26.065975592162701     
   3.0999999999999970       0.80227905636983565       -26.384447542704915     
   3.1499999999999968       0.79697076850199289       -26.698746894453990     
   3.1999999999999966       0.79163586927754537       -27.008879587705927     
   3.2499999999999964       0.78627618259095555       -27.314853421706761     
   3.2999999999999963       0.78089350753129949       -27.616677999260816     
   3.3499999999999961       0.77548961755018464       -27.914364670881959     
   3.3999999999999959       0.77006625968714837       -28.207926478599362     
   3.4499999999999957       0.76462515385170193       -28.497378099525370     
   3.4999999999999956       0.75916799216109765       -28.782735789289141     
   3.5499999999999954       0.75369643833281297       -29.064017325435493     
   3.5999999999999952       0.74821212713067164       -29.341241950884328     
   3.6499999999999950       0.74271666386345092       -29.614430317541576     
   3.6999999999999948       0.73721162393476314       -29.883604430148431     
   3.7499999999999947       0.73169855244294157       -30.148787590451214     
   3.7999999999999945       0.72617896382961133       -30.410004341769856     
   3.8499999999999943       0.72065434157558217       -30.667280414038672     
   3.8999999999999941       0.71512613794266056       -30.920642669388705     
   3.9499999999999940       0.70959577375994609       -31.170119048336673     
   3.9999999999999938       0.70406463825315024       -31.415738516641220     
   4.0499999999999936       0.69853408891545377       -31.657531012883013     
   4.0999999999999934       0.69300545141840109       -31.895527396821095     
   4.1499999999999932       0.68748001956131843       -32.129759398573789     
   4.1999999999999931       0.68195905525773592       -32.360259568668511     
   4.2499999999999929       0.67644378855728815       -32.587061229000973     
   4.2999999999999927       0.67093541770157150       -32.810198424740427     
   4.3499999999999925       0.66543510921243898       -33.029705877213999     
   4.3999999999999924       0.65994399801122350       -33.245618937799541     
   4.4499999999999922       0.65446318756739053       -33.457973542852962     
   4.4999999999999920       0.64899375007513782       -33.666806169692805     
   4.5499999999999918       0.64353672665647621       -33.872153793661475     
   4.5999999999999917       0.63809312758934700       -34.074053846279561     
   4.6499999999999915       0.63266393255935383       -34.272544174506713     
   4.6999999999999913       0.62725009093371298       -34.467663001119753     
   4.7499999999999911       0.62185252205605135       -34.659448886215941     
   4.7999999999999909       0.61647211556071368       -34.847940689846887     
   4.8499999999999908       0.61110973170526761       -35.033177535786052     
   4.8999999999999906       0.60576620171992968       -35.215198776430633     
   4.9499999999999904       0.60044232817266807       -35.394043958836271     
   4.9999999999999902       0.59513888534877224       -35.569752791881243     
