   0.0000000000000000        1.0000000000000000        0.0000000000000000     
   5.0000000000000003E-002  0.99875000000000003       -5.0000000000000003E-002
  0.10000000000000001       0.99500156250000005       -9.9875000000000005E-002
  0.15000000000000002       0.98876406054687505      -0.14950023437500001     
  0.20000000000000001       0.98005309375244143      -0.19875156210937500     
  0.25000000000000000       0.96889044927978207      -0.24750577734436036     
  0.29999999999999999       0.95530404735096430      -0.29564091758666899     
  0.34999999999999998       0.93932787141244212      -0.34303656880723388     
  0.39999999999999997       0.92100188313281484      -0.38957416666684697     
  0.44999999999999996       0.90037192244555642      -0.43513729311515414     
  0.49999999999999994       0.87748959288674178      -0.47961196762103803     
  0.54999999999999993       0.85241213251458148      -0.52288693230584882     
  0.59999999999999998       0.82520227073364583      -0.56485393026619557     
  0.65000000000000002       0.79592807138191901      -0.60540797639004507     
  0.70000000000000007       0.76466276247318932      -0.64444761998865352     
  0.75000000000000011       0.73148455302066517      -0.68187519858732715     
  0.80000000000000016       0.69647643740002296      -0.71759708224012630     
  0.85000000000000020       0.65972598774126667      -0.75152390775732725     
  0.90000000000000024       0.62132513486872376      -0.78357080225969389     
  0.95000000000000029       0.58136993833715311      -0.81365759550030547     
   1.0000000000000002       0.53996034613921640      -0.84170902042278772     
   1.0500000000000003       0.49719994468540296      -0.86765490145422008     
   1.1000000000000003       0.45319569968183521      -0.89143033006167249     
   1.1500000000000004       0.40805768855414926      -0.91297582713318715     
   1.2000000000000004       0.36189882508679722      -0.93223749177697812     
   1.2500000000000004       0.31483457696658979      -0.94916713616659676     
   1.3000000000000005       0.26698267693705169      -0.96372240609471804     
   1.3500000000000005       0.21846282828614447      -0.97586688693395218     
   1.4000000000000006       0.16939640540408918      -0.98557019473959195     
   1.4500000000000006       0.11990615016035447      -0.99280805226637192     
   1.5000000000000007        7.0115864859335436E-002 -0.99756234970905666     
   1.5500000000000007        2.0150102542808426E-002 -0.99982119001488712     
   1.6000000000000008       -2.9866144586114446E-002 -0.99957891865450899     
   1.6500000000000008       -7.9807757838107257E-002 -0.99683613777688518     
   1.7000000000000008      -0.12954980502965388      -0.99159970471275871     
   1.7500000000000009      -0.17896785300900475      -0.98388271483038503     
   1.8000000000000009      -0.22793827893426274      -0.97370446878639683     
   1.8500000000000010      -0.27633857952491475      -0.96109042425370073     
   1.9000000000000010      -0.32404767751319363      -0.94607213224713782     
   1.9500000000000011      -0.37094622452865905      -0.92868715820616921     
   2.0000000000000009      -0.41691689965830669      -0.90897898803197852     
   2.0500000000000007      -0.46184470293533275      -0.88699691931402325     
   2.1000000000000005      -0.50561724302236477      -0.86279593801811405     
   2.1500000000000004      -0.54812501836949257      -0.83643658094447315     
   2.2000000000000002      -0.58926169114375437      -0.80798478429981790     
   2.2500000000000000      -0.62892435324481555      -0.77751171876225544     
   2.2999999999999998      -0.66701378374137232      -0.74509361145156183     
   2.3499999999999996      -0.70343469708427375      -0.71081155525017881     
   2.3999999999999995      -0.73809598147542732      -0.67475130595190236     
   2.4499999999999993      -0.77091092679617812      -0.63700306774569115     
   2.4999999999999991      -0.80179744152496746      -0.59766126757120008     
   2.5499999999999989      -0.83067825810162121      -0.55682431891048767     
   2.5999999999999988      -0.85748112622451855      -0.51459437560676846     
   2.6499999999999986      -0.88213899359707637      -0.47107707632603407     
   2.6999999999999984      -0.90459017367138173      -0.42638128030077271     
   2.7499999999999982      -0.92477849996933115      -0.38061879501682766     
   2.7999999999999980      -0.94265346659521088      -0.33390409652459008     
   2.8499999999999979      -0.95817035458819633      -0.28635404307417378     
   2.8999999999999977      -0.97129034379866974      -0.23808758279092124     
   2.9499999999999975      -0.98198061000846748      -0.18922545612249908     
   2.9999999999999973      -0.99021440705208186      -0.13988989380192257     
   3.0499999999999972      -0.99597113373336288       -9.0204311082066072E-002
   3.0999999999999970      -0.99923638537029946       -4.0292999006545344E-002
   3.1499999999999968       -1.0000019898389139        9.7191865107278119E-003
   3.1999999999999966      -0.99826602802607878        5.9707137019535103E-002
   3.2499999999999964      -0.99403283864006942       0.10954580449956462     
   3.2999999999999963      -0.98731300736679106       0.15911051417594363     
   3.3499999999999961      -0.97812334039878535       0.20827727640156324     
   3.3999999999999959      -0.96648682240320871       0.25692309682600056     
   3.4499999999999957      -0.95243255903390467       0.30492628407512851     
   3.4999999999999956      -0.93599570413135591       0.35216675417172982     
   3.5499999999999954      -0.91721737179260521       0.39852633093558298     
   3.5999999999999952      -0.89614453353108525       0.44388904161154374     
   3.6499999999999950      -0.87282990078359424       0.48814140698608355     
   3.6999999999999948      -0.84733179305831052       0.53117272526653070     
   3.7499999999999947      -0.81971399205366113       0.57287534901286308     
   3.7999999999999945      -0.79004558211295095       0.61314495442928008     
   3.8499999999999943      -0.75840077741384571       0.65188080234189105     
   3.8999999999999941      -0.72485873632498388       0.68898599020965601     
   3.9499999999999940      -0.68950336339409479       0.72436769453814309     
   3.9999999999999938      -0.65242309946294497       0.75793740308967517     
   4.0499999999999936      -0.61371070043413256       0.78961113630896029     
   4.0999999999999934      -0.57346300524314187       0.81930965741028072     
   4.1499999999999932      -0.53178069361607394       0.84695867060067498     
   4.1999999999999931      -0.48876803421902010       0.87248900694322784     
   4.2499999999999929      -0.44453262382908493       0.89583679739549982     
   4.2999999999999927      -0.39918511817952357       0.91694363259020972     
   4.3499999999999925      -0.35283895515228869       0.93575670895844809     
   4.3999999999999924      -0.30561007101042592       0.95222896082986441     
   4.4499999999999922      -0.25761661038016970       0.96631917817934843     
   4.4999999999999920      -0.20897863070822706       0.97799210972563277     
   4.5499999999999918      -0.15981780193356013       0.98721855112388712     
   4.5999999999999917      -0.11025710212494882       0.99397541803166023     
   4.6499999999999915       -6.0420509845709625E-002  0.99824580386536810     
   4.6999999999999913       -1.0432694015134081E-002   1.0000190221028218     
   4.7499999999999911        3.9581297957525928E-002  0.99929063302595000     
   4.7999999999999909        8.9496352986376523E-002  0.99606245483679123     
   4.8499999999999908       0.13918760528698312       0.99034255911892644     
   4.8999999999999906       0.18853074873632072       0.98214525065567859     
   4.9499999999999904       0.23740234783318426       0.97149103165554296     
   4.9999999999999902       0.28568014648116991       0.95840655047431433     
