   1.0000000000000000E-002   1.0001505037637661     
   2.0000000000000000E-002   1.0004010234113621     
   2.9999999999999999E-002   1.0007515839949612     
   4.0000000000000001E-002   1.0012022205709141     
   5.0000000000000003E-002   1.0017529782032542     
   6.0000000000000005E-002   1.0024039119682036     
   7.0000000000000007E-002   1.0031550869596813     
   8.0000000000000002E-002   1.0040065782958125     
   8.9999999999999997E-002   1.0049584711264408     
   9.9999999999999992E-002   1.0060108606416420     
  0.10999999999999999        1.0071638520812451     
  0.11999999999999998        1.0084175607453549     
  0.12999999999999998        1.0097721120058827     
  0.13999999999999999        1.0112276413190833     
  0.14999999999999999        1.0127842942391010     
  0.16000000000000000        1.0144422264325252     
  0.17000000000000001        1.0162016036939570     
  0.18000000000000002        1.0180626019625887     
  0.19000000000000003        1.0200254073397981     
  0.20000000000000004        1.0220902161077585     
  0.21000000000000005        1.0242572347490675     
  0.22000000000000006        1.0265266799673953     
  0.23000000000000007        1.0288987787091548     
  0.24000000000000007        1.0313737681861972     
  0.25000000000000006        1.0339518958995326     
  0.26000000000000006        1.0366334196640810     
  0.27000000000000007        1.0394186076344534     
  0.28000000000000008        1.0423077383317680     
  0.29000000000000009        1.0453011006715023     
  0.30000000000000010        1.0483989939923846     
  0.31000000000000011        1.0516017280863286     
  0.32000000000000012        1.0549096232294128     
  0.33000000000000013        1.0583230102139083     
  0.34000000000000014        1.0618422303813579     
  0.35000000000000014        1.0654676356567114     
  0.36000000000000015        1.0691995885835173     
  0.37000000000000016        1.0730384623601783     
  0.38000000000000017        1.0769846408772712     
  0.39000000000000018        1.0810385187559364     
  0.40000000000000019        1.0852005013873400     
  0.41000000000000020        1.0894710049732135     
  0.42000000000000021        1.0938504565674743     
  0.43000000000000022        1.0983392941189316     
  0.44000000000000022        1.1029379665150811     
  0.45000000000000023        1.1076469336269947     
  0.46000000000000024        1.1124666663553080     
  0.47000000000000025        1.1173976466773101     
  0.48000000000000026        1.1224403676951427     
  0.49000000000000027        1.1275953336851097     
  0.50000000000000022        1.1328630601481060     
  0.51000000000000023        1.1382440738611679     
  0.52000000000000024        1.1437389129301507     
  0.53000000000000025        1.1493481268435406     
  0.54000000000000026        1.1550722765274031     
  0.55000000000000027        1.1609119344014769     
  0.56000000000000028        1.1668676844364161     
  0.57000000000000028        1.1729401222121871     
  0.58000000000000029        1.1791298549776279     
  0.59000000000000030        1.1854375017111733     
  0.60000000000000031        1.1918636931827531     
  0.61000000000000032        1.1984090720168696     
  0.62000000000000033        1.2050742927568610     
  0.63000000000000034        1.2118600219303555     
  0.64000000000000035        1.2187669381159252     
  0.65000000000000036        1.2257957320109447     
  0.66000000000000036        1.2329471065006607     
  0.67000000000000037        1.2402217767284820     
  0.68000000000000038        1.2476204701674933     
  0.69000000000000039        1.2551439266932045     
  0.70000000000000040        1.2627928986575374     
  0.71000000000000041        1.2705681509640629     
  0.72000000000000042        1.2784704611444910     
  0.73000000000000043        1.2865006194364252     
  0.74000000000000044        1.2946594288623865     
  0.75000000000000044        1.3029477053101164     
  0.76000000000000045        1.3113662776141668     
  0.77000000000000046        1.3199159876387836     
  0.78000000000000047        1.3285976903620942     
  0.79000000000000048        1.3374122539616056     
  0.80000000000000049        1.3463605599010231     
  0.81000000000000050        1.3554435030183980     
  0.82000000000000051        1.3646619916156111     
  0.83000000000000052        1.3740169475492041     
  0.84000000000000052        1.3835093063225663     
  0.85000000000000053        1.3931400171794854     
  0.86000000000000054        1.4029100431990729     
  0.87000000000000055        1.4128203613920725     
  0.88000000000000056        1.4228719627985620     
  0.89000000000000057        1.4330658525870583     
  0.90000000000000058        1.4434030501550354     
  0.91000000000000059        1.4538845892308647     
  0.92000000000000060        1.4645115179771881     
  0.93000000000000060        1.4752848990957363     
  0.94000000000000061        1.4862058099335991     
  0.95000000000000062        1.4972753425909608     
  0.96000000000000063        1.5084946040303122     
  0.97000000000000064        1.5198647161871464     
  0.98000000000000065        1.5313868160821542     
  0.99000000000000066        1.5430620559349271     
   1.0000000000000007        1.5548916032791797     
